node_id,0,1,2,3,4,5,6,7,8,9,10,11,12,13,14,15,16,17,18,19,20,21,22,23,24,25,26,27,28,29,30,31,32,33,34,35,36,37,38,39,40,41,42,43,44,45,46,47,48,49
0,0.000000,110.779486,183.586478,248.182927,294.072751,362.375234,451.925380,512.342446,59.243935,115.650724,197.972746,246.731242,312.634579,413.020890,480.610432,533.305262,143.557339,182.753324,220.121227,287.336697,335.774326,408.505505,504.392433,583.458919,214.636803,226.105658,263.282783,313.277146,406.289066,462.418823,508.848561,599.917982,287.853567,279.926589,344.065085,361.313344,433.630325,506.562155,566.611054,641.678223,340.172566,374.062266,406.832265,413.920596,476.759225,570.770400,586.528938,694.723766,432.002572,441.001330
1,110.779486,0.000000,81.940530,141.523825,192.162233,257.709045,348.234743,410.568708,145.433159,77.612559,134.242024,169.690883,226.924282,323.988248,390.509021,440.639456,197.470328,178.859070,173.202870,239.200871,263.534052,332.250504,424.335051,498.703912,260.075191,252.491235,254.277371,275.315482,349.585509,403.931317,435.581947,527.522824,327.280127,301.810059,341.512132,339.439277,397.901363,455.536449,510.565646,573.271485,384.469946,394.914484,404.048122,400.022005,449.852677,528.342462,535.577291,637.909676,472.663295,466.615943
2,183.586478,81.940530,0.000000,65.836016,111.268700,178.830678,268.714682,330.085466,201.531316,92.482866,84.308558,98.956282,147.602983,242.680461,308.850331,358.719287,224.888755,169.455457,128.859250,183.983595,190.106461,255.153933,344.924067,417.761865,272.854385,252.394182,227.510309,224.542613,282.428616,334.426282,358.556424,450.185601,329.545501,293.151401,311.776021,295.902460,342.284988,389.169242,440.692438,497.213071,386.844379,379.198229,370.741200,359.064348,398.342171,465.611872,468.043940,566.486272,468.479033,451.328844
3,248.182927,141.523825,65.836016,0.000000,55.601406,116.361591,206.977953,269.950065,267.251915,156.262729,120.400665,103.060582,118.695570,198.604200,261.001214,307.178237,285.292274,218.222607,159.351685,195.553669,172.960186,225.459205,306.310455,372.726344,326.816547,301.121007,261.410289,237.474900,270.754999,317.059383,326.056574,415.539655,377.082790,335.708693,339.228122,312.027696,343.753962,375.205952,420.295607,464.850780,433.211863,414.785781,393.322258,375.247422,402.791095,455.166446,450.815245,541.935871,509.736514,485.710445
4,294.072751,192.162233,111.268700,55.601406,0.000000,69.644702,157.875514,218.816768,305.740849,191.364107,132.863095,94.137420,75.948829,143.624062,205.405611,251.862219,310.382565,231.280023,160.641858,176.799910,133.474245,175.644290,252.075594,317.215645,341.901998,310.693962,257.639505,216.851034,230.347565,272.098758,273.690956,362.012237,383.453235,337.689022,326.746593,290.772949,310.430013,331.338714,372.517335,411.881130,437.289321,408.066156,375.318601,352.354789,370.458863,412.469004,404.409942,491.615426,507.282471,476.727221
5,362.375234,257.709045,178.830678,116.361591,69.644702,0.000000,90.620223,154.024351,375.368441,261.007893,199.370065,154.613762,107.819650,116.893661,163.357613,200.939290,378.139695,295.500101,221.338478,221.959213,157.226171,170.004129,222.854762,274.752337,405.645650,371.977847,311.503422,257.570886,242.569908,272.600363,252.551169,333.344198,441.967991,393.913096,371.497560,327.552793,330.740994,331.965341,362.753213,384.772933,493.741541,456.488489,413.390034,385.408754,390.448327,413.437284,397.351661,472.624420,558.166207,522.229671
6,451.925380,348.234743,268.714682,206.977953,157.875514,90.620223,0.000000,64.546645,462.061324,347.450723,279.149889,229.730023,168.067546,110.054738,113.696597,129.886600,457.464754,369.558536,292.883083,275.991430,197.708937,173.807034,183.382145,210.860846,477.151694,440.087297,370.909655,303.837074,256.492197,268.432709,221.197025,285.229580,504.703265,454.200105,416.982676,364.806405,347.237576,323.144278,338.388585,336.368367,552.587583,504.512391,448.750056,415.306286,403.374531,400.704585,374.832937,431.817417,607.867271,564.874559
7,512.342446,410.568708,330.085466,269.950065,218.816768,154.024351,64.546645,0.000000,519.299882,405.031491,332.605460,281.546620,215.645651,132.712598,99.066184,85.810167,508.505382,417.681271,340.796162,313.699830,232.421857,189.035884,163.645361,165.960799,522.135673,483.054640,409.115872,335.556969,269.801081,268.234180,204.054746,249.946183,543.032252,491.472044,444.772696,388.444687,357.404824,316.392307,319.379643,298.913257,587.575545,532.427639,468.878275,432.471920,409.084413,388.113371,355.856541,397.695763,635.665940,588.131146
8,59.243935,145.433159,201.531316,267.251915,305.740849,375.368441,462.061324,519.299882,0.000000,114.615228,190.182081,241.855316,309.780647,409.505161,476.626996,530.739983,86.883942,145.956275,200.503701,263.129039,322.907673,395.859674,492.355670,573.765506,157.434662,173.519894,222.014567,282.604129,381.988076,437.789207,492.164179,581.410370,230.606524,226.942329,297.306862,321.595563,398.190995,477.156694,538.964783,620.223318,281.789271,319.697249,358.870375,369.797338,436.694261,536.250255,555.980481,666.155379,373.660968,384.981182
9,115.650724,77.612559,92.482866,156.262729,191.364107,261.007893,347.450723,405.031491,114.615228,0.000000,82.325797,131.676973,198.619413,299.071381,366.623415,419.985596,133.858619,101.257242,108.801045,177.154943,220.197398,292.862067,388.757667,468.088754,188.601084,176.506981,177.993865,208.458309,294.274745,350.164569,393.511567,484.820587,252.511324,224.648544,265.035550,267.228390,331.410623,397.284084,455.644745,527.346045,310.051642,317.376244,327.951813,326.122051,380.214153,465.765535,477.632934,583.855774,396.848378,389.173739
10,197.972746,134.242024,84.308558,120.400665,132.863095,199.370065,279.149889,332.605460,190.182081,82.325797,0.000000,51.813952,119.760911,219.336904,286.559654,340.570322,179.001867,99.428659,44.571583,105.414545,137.937192,210.536301,306.483517,386.169958,209.778906,181.326797,144.547482,143.543266,216.475227,271.636983,311.449933,402.954606,256.803092,215.561096,227.657287,212.709887,264.768218,321.754004,377.984072,446.178090,312.813015,297.513076,286.439085,275.525376,318.570550,394.103650,401.968885,505.877941,390.179581,369.283751
11,246.731242,169.690883,98.956282,103.060582,94.137420,154.613762,229.730023,281.546620,241.855316,131.676973,51.813952,0.000000,67.959650,167.858980,235.262190,289.045951,227.806501,141.201927,67.057044,92.709722,93.849625,163.937378,258.515729,336.757123,251.058088,217.771274,164.074740,134.682968,183.509411,236.050021,266.690537,358.636677,289.537549,243.557445,237.412650,209.084478,246.046788,290.253948,342.571429,403.742936,343.157222,315.928425,290.371251,272.408767,303.702115,366.770569,369.320764,469.141989,413.934738,385.734097
12,312.634579,226.924282,147.602983,118.695570,75.948829,107.819650,168.067546,215.645651,309.780647,198.619413,119.760911,67.959650,0.000000,100.478942,168.066528,221.410362,292.904625,202.428182,125.490191,114.294010,57.546415,108.683781,197.515420,272.539007,309.120951,272.157996,205.905735,150.026872,154.647486,198.590788,211.558031,302.856445,338.489881,289.039340,263.713565,221.395625,234.932832,257.185218,301.649391,350.556597,388.500969,348.738854,307.056363,281.102810,295.054435,337.795051,332.158701,424.148830,450.665864,414.471335
13,413.020890,323.988248,242.680461,198.604200,143.624062,116.893661,110.054738,132.712598,409.505161,299.071381,219.336904,167.858980,100.478942,0.000000,67.596887,121.234920,386.671663,293.247488,217.752932,182.388782,100.965084,63.919740,109.246016,175.293499,393.570884,353.283527,277.365393,202.844374,146.443999,162.720123,135.920101,220.034740,410.953099,359.214220,312.788350,257.866962,237.242103,220.363919,246.467735,270.809230,454.898074,400.542771,340.448790,306.012224,293.865406,300.747522,281.560278,356.176105,503.928386,458.154689
14,480.610432,390.509021,308.850331,261.001214,205.405611,163.357613,113.696597,99.066184,476.626996,366.623415,286.559654,235.262190,168.066528,67.596887,0.000000,54.846712,450.980451,356.834426,282.644103,240.657225,161.314831,100.332587,69.867785,112.415350,453.458410,412.028784,333.222203,254.212500,175.311577,169.264411,108.807889,173.856323,464.782390,412.706872,357.080940,298.292564,260.207908,217.860780,226.075085,225.450759,505.020090,443.823002,375.410367,337.678979,310.490383,291.629476,262.662028,318.935712,546.199295,495.754183
15,533.305262,440.639456,358.719287,307.178237,251.862219,200.939290,129.886600,85.810167,530.739983,419.985596,340.570322,289.045951,221.410362,121.234920,54.846712,0.000000,505.826159,411.660234,337.463342,294.839507,216.034246,152.398341,89.541626,81.739449,507.650892,465.980010,386.534977,306.565288,221.117212,204.603644,128.589539,164.192817,517.110247,465.040809,406.076053,346.173134,300.452596,244.538366,238.734767,213.159222,555.818106,491.848979,419.924229,380.962940,345.991479,310.374275,274.738557,311.895739,593.299265,540.728900
16,143.557339,197.470328,224.888755,285.292274,310.382565,378.139695,457.464754,508.505382,86.883942,133.858619,179.001867,227.806501,292.904625,386.671663,450.980451,505.826159,0.000000,94.606752,168.971387,217.316763,290.324063,360.228716,454.761832,537.847720,71.081926,89.093941,152.170481,225.533781,330.030231,383.815981,448.018857,533.155786,144.299060,141.362236,217.238406,249.938789,330.459290,415.923821,479.109819,567.493133,197.271829,233.037879,276.785344,291.735892,362.561822,467.709284,492.177862,603.781657,288.906812,298.138386
17,182.753324,178.859070,169.455457,218.222607,231.280023,295.500101,369.558536,417.681271,145.956275,101.257242,99.428659,141.201927,202.428182,293.247488,356.834426,411.660234,94.606752,0.000000,76.943603,123.486242,195.875837,265.643728,360.418379,443.428807,110.623254,83.304309,81.276416,137.241112,239.277636,294.329999,354.843012,441.462820,160.229817,125.368853,166.194700,178.570031,252.696647,331.498199,393.680959,477.801266,217.407364,216.492529,229.537412,232.333291,294.040517,390.634589,410.075689,520.480448,300.048648,288.528777
18,220.121227,173.202870,128.859250,159.351685,160.641858,221.338478,292.883083,340.796162,200.503701,108.801045,44.571583,67.057044,125.490191,217.752932,282.644103,337.463342,168.971387,76.943603,0.000000,68.354717,123.722106,196.048027,292.361724,374.434348,184.927866,150.742881,102.164801,102.116487,186.288332,242.381720,291.785978,381.628657,222.825863,178.008378,183.460471,168.808857,224.911846,288.500826,347.237719,422.042379,277.110974,255.604123,241.882438,231.314725,276.816757,357.515203,368.841277,475.462536,350.710385,326.895363
19,287.336697,239.200871,183.983595,195.553669,176.799910,221.959213,275.991430,313.699830,263.129039,177.154943,105.414545,92.709722,114.294010,182.388782,240.657225,294.839507,217.316763,123.486242,68.354717,0.000000,81.461505,144.569081,237.632654,320.811394,212.821677,171.486787,95.505860,41.973682,119.310041,175.409916,231.418842,318.895947,229.577043,178.460855,150.529477,116.482119,159.452399,220.179900,279.340701,357.102885,276.611120,234.539559,199.143001,179.719772,214.408166,289.658756,300.505413,407.524545,336.381232,301.172910
20,335.774326,263.534052,190.106461,172.960186,133.474245,157.226171,197.708937,232.421857,322.907673,220.197398,137.937192,93.849625,57.546415,100.965084,161.314831,216.034246,290.324063,195.875837,123.722106,81.461505,0.000000,73.086057,169.566123,250.958616,293.041583,252.419450,176.714291,106.168899,97.927280,145.462122,173.707207,265.467863,310.616388,259.135317,219.928904,171.361310,177.692379,202.578125,250.979832,309.979323,356.098854,307.133654,257.058408,228.194131,237.854265,282.209959,279.600971,376.380014,410.364886,369.331515
21,408.505505,332.250504,255.153933,225.459205,175.644290,170.004129,173.807034,189.035884,395.859674,292.862067,210.536301,163.937378,108.683781,63.919740,100.332587,152.398341,360.228716,265.643728,196.048027,144.569081,73.086057,0.000000,96.508334,178.438067,356.596068,314.442188,234.313609,154.213359,82.856101,102.631727,103.457793,195.309282,364.813260,312.733870,257.482513,199.783444,173.437462,161.974333,197.250381,242.113408,404.693479,344.689973,279.942331,244.177328,229.972752,243.520082,230.131768,316.519853,447.559157,399.115009
22,504.392433,424.335051,344.924067,306.310455,252.075594,222.854762,183.382145,163.645361,492.355670,388.757667,306.483517,258.515729,197.515420,109.246016,69.867785,89.541626,454.761832,360.418379,292.361724,237.632654,169.566123,96.508334,0.000000,83.210361,446.250027,403.346456,321.546230,239.420204,142.154349,116.436214,40.439149,110.919134,446.495784,394.947521,328.264625,267.186011,213.755130,155.312371,156.706987,162.054329,480.558922,411.647648,335.772983,295.918742,256.941019,224.488404,193.312144,251.438681,511.269931,456.444534
23,583.458919,498.703912,417.761865,372.726344,317.215645,274.752337,210.860846,165.960799,573.765506,468.088754,386.169958,336.757123,272.539007,175.293499,112.415350,81.739449,537.847720,443.428807,374.434348,320.811394,250.958616,178.438067,83.210361,0.000000,529.128437,486.135181,404.171160,321.990773,221.979593,186.167831,101.789559,90.368641,527.314696,476.119497,406.156916,344.866007,283.227975,207.436760,182.657897,134.951538,559.154022,487.096293,407.497981,366.819102,317.474074,257.922336,215.778849,234.832512,584.324962,526.926194
24,214.636803,260.075191,272.854385,326.816547,341.901998,405.645650,477.151694,522.135673,157.434662,188.601084,209.778906,251.058088,309.120951,393.570884,453.458410,507.650892,71.081926,110.623254,184.927866,212.821677,293.041583,356.596068,446.250027,529.128437,0.000000,43.271953,125.439733,207.391930,311.155232,360.752413,433.333893,512.617976,73.242541,80.072768,165.487432,210.452450,292.926563,383.877501,447.316697,541.880911,126.928883,165.083823,219.212059,240.705469,315.616138,426.069401,455.726249,567.505834,218.188953,227.841698
25,226.105658,252.491235,252.394182,301.121007,310.693962,371.977847,440.087297,483.054640,173.519894,176.506981,181.326797,217.771274,272.157996,353.283527,412.028784,465.980010,89.093941,83.304309,150.742881,171.486787,252.419450,314.442188,403.346456,486.135181,43.271953,0.000000,82.201965,164.254608,267.883987,317.612149,390.094723,469.436759,77.198756,53.820979,129.524474,169.421884,251.777459,341.792493,405.287556,499.086975,134.707592,148.375491,187.838560,204.735838,277.825527,386.477967,414.689254,526.565160,220.358432,217.458713
26,263.282783,254.277371,227.510309,261.410289,257.639505,311.503422,370.909655,409.115872,222.014567,177.993865,144.547482,164.074740,205.905735,277.365393,333.222203,386.534977,152.170481,81.276416,102.164801,95.505860,176.714291,234.313609,321.546230,404.171160,125.439733,82.201965,0.000000,82.181355,185.791330,236.377240,307.896159,387.913159,134.081473,83.330278,87.242704,99.620431,178.471028,264.323044,327.711461,418.924285,182.597590,153.439340,149.958638,151.065868,214.730141,316.161981,340.025590,451.688301,249.863622,224.859655
27,313.277146,275.315482,224.542613,237.474900,216.851034,257.570886,303.837074,335.556969,282.604129,208.458309,143.543266,134.682968,150.026872,202.844374,254.212500,306.565288,225.533781,137.241112,102.116487,41.973682,106.168899,154.213359,239.420204,321.990773,207.391930,164.254608,82.181355,0.000000,105.064118,158.289641,226.161943,308.249407,210.609842,158.528930,114.379912,74.668924,123.078421,194.584083,256.470756,341.993182,252.176355,201.092873,158.469831,137.773303,175.062594,257.983148,273.834867,383.566535,304.228446,264.811385
28,406.289066,349.585509,282.428616,270.754999,230.347565,242.569908,256.492197,269.801081,381.988076,294.274745,216.475227,183.509411,154.647486,146.443999,175.311577,221.117212,330.030231,239.277636,186.288332,119.310041,97.927280,82.856101,142.154349,221.979593,311.155232,267.883987,185.791330,105.064118,0.000000,56.139293,122.729227,203.246517,305.343515,254.277338,186.330663,125.562503,90.920283,106.744637,161.589704,238.585606,338.405082,270.960134,200.099375,162.756077,148.940971,184.686065,186.153484,289.689907,372.184390,320.515321
29,462.418823,403.931317,334.426282,317.059383,272.098758,272.600363,268.432709,268.234180,437.789207,350.164569,271.636983,236.050021,198.590788,162.720123,169.264411,204.603644,383.815981,294.329999,242.381720,175.409916,145.462122,102.631727,116.436214,186.167831,360.752413,317.612149,236.377240,158.289641,56.139293,0.000000,84.632950,151.942377,347.995130,298.499837,222.405419,161.574100,97.899554,59.707046,106.651958,183.717300,375.377466,301.202496,221.563254,181.082899,141.820775,141.385882,134.142590,234.245759,398.232703,341.598574
30,508.848561,435.581947,358.556424,326.056574,273.690956,252.551169,221.197025,204.054746,492.164179,393.511567,311.449933,266.690537,211.558031,135.920101,108.807889,128.589539,448.018857,354.843012,291.785978,231.418842,173.707207,103.457793,40.439149,101.789559,433.333893,390.094723,307.896159,226.161943,122.729227,84.632950,0.000000,91.964638,427.383116,376.680031,304.712342,243.452232,182.284808,116.080298,117.336213,139.076452,457.798301,385.308345,306.192794,265.670518,220.989327,184.061287,153.894157,220.265296,482.847482,426.106269
31,599.917982,527.522824,450.185601,415.539655,362.012237,333.344198,285.229580,249.946183,581.410370,484.820587,402.954606,358.636677,302.856445,220.034740,173.856323,164.192817,533.155786,441.462820,381.628657,318.895947,265.467863,195.309282,110.919134,90.368641,512.617976,469.436759,387.913159,308.249407,203.246517,151.942377,91.964638,0.000000,498.481515,449.768384,370.712303,311.178668,236.840069,146.821730,102.978440,51.642515,522.257471,443.703104,358.950548,318.290084,256.774253,177.225550,131.283182,147.834302,534.466602,473.520397
32,287.853567,327.280127,329.545501,377.082790,383.453235,441.967991,504.703265,543.032252,230.606524,252.511324,256.803092,289.537549,338.489881,410.953099,464.782390,517.110247,144.299060,160.229817,222.825863,229.577043,310.616388,364.813260,446.495784,527.314696,73.242541,77.198756,134.081473,210.609842,305.343515,347.995130,427.383116,498.481515,0.000000,52.080935,129.809365,187.347775,266.150178,359.977049,421.972483,521.638803,57.629167,98.219913,168.600813,198.795628,275.692895,389.610770,424.788589,534.898615,146.247047,155.546903
33,279.926589,301.810059,293.151401,335.708693,337.689022,393.913096,454.200105,491.472044,226.942329,224.648544,215.561096,243.557445,289.039340,359.214220,412.706872,465.040809,141.362236,125.368853,178.008378,178.460855,259.135317,312.733870,394.947521,476.119497,80.072768,53.820979,83.330278,158.528930,254.277338,298.499837,376.680031,449.768384,52.080935,0.000000,87.565206,139.812832,220.950199,314.100928,376.902092,474.871935,99.864242,94.936447,139.144201,161.849336,237.798796,349.973578,382.269475,493.472843,175.332809,165.256199
34,344.065085,341.512132,311.776021,339.228122,326.746593,371.497560,416.982676,444.772696,297.306862,265.035550,227.657287,237.412650,263.713565,312.788350,357.080940,406.076053,217.238406,166.194700,183.460471,150.529477,219.928904,257.482513,328.264625,406.156916,165.487432,129.524474,87.242704,114.379912,186.330663,222.405419,304.712342,370.712303,129.809365,87.565206,0.000000,61.291789,136.429591,230.312411,292.163659,392.164331,153.108230,87.765010,63.359260,75.382697,150.381612,262.458593,295.634966,406.435949,191.192180,150.777265
35,361.313344,339.439277,295.902460,312.027696,290.772949,327.552793,364.806405,388.444687,321.595563,267.228390,212.709887,209.084478,221.395625,257.866962,298.292564,346.173134,249.938789,178.570031,168.808857,116.482119,171.361310,199.783444,267.186011,344.866007,210.452450,169.421884,99.620431,74.668924,125.562503,161.574100,243.452232,311.178668,187.347775,139.812832,61.291789,0.000000,82.475578,174.484667,237.587368,335.074040,214.346085,145.704488,85.838360,63.482016,115.492748,217.921102,245.341067,357.187632,247.942755,200.316934
36,433.630325,397.901363,342.284988,343.753962,310.430013,330.740994,347.237576,357.404824,398.190995,331.410623,264.768218,246.046788,234.932832,237.242103,260.207908,300.452596,330.459290,252.696647,224.911846,159.452399,177.692379,173.437462,213.755130,283.227975,292.926563,251.777459,178.471028,123.078421,90.920283,97.899554,182.284808,236.840069,266.150178,220.950199,136.429591,82.475578,0.000000,93.891944,156.031007,255.836641,285.749465,207.114502,124.434471,83.629878,60.166468,138.079030,162.912220,274.789445,301.381705,243.830014
37,506.562155,455.536449,389.169242,375.205952,331.338714,331.965341,323.144278,316.392307,477.156694,397.284084,321.754004,290.253948,257.185218,220.363919,217.860780,244.538366,415.923821,331.498199,288.500826,220.179900,202.578125,161.974333,155.312371,207.436760,383.877501,341.792493,264.323044,194.584083,106.744637,59.707046,116.080298,146.821730,359.977049,314.100928,230.312411,174.484667,93.891944,0.000000,63.509035,162.010302,378.809246,298.247661,212.592458,172.215623,111.255183,81.683609,80.366480,189.000961,387.654695,326.807551
38,566.611054,510.565646,440.692438,420.295607,372.517335,362.753213,338.388585,319.379643,538.964783,455.644745,377.984072,342.571429,301.649391,246.467735,226.075085,238.734767,479.109819,393.680959,347.237719,279.340701,250.979832,197.250381,156.706987,182.657897,447.316697,405.287556,327.711461,256.470756,161.589704,106.651958,117.336213,102.978440,421.972483,376.902092,292.163659,237.587368,156.031007,63.509035,0.000000,103.548618,438.323428,356.013798,269.201954,229.969842,160.741065,75.430347,36.606404,128.226365,440.760980,378.168437
39,641.678223,573.271485,497.213071,464.850780,411.881130,384.772933,336.368367,298.913257,620.223318,527.346045,446.178090,403.742936,350.556597,270.809230,225.450759,213.159222,567.493133,477.801266,422.042379,357.102885,309.979323,242.113408,162.054329,134.951538,541.880911,499.086975,418.924285,341.993182,238.585606,183.717300,139.076452,51.642515,521.638803,474.871935,392.164331,335.074040,255.836641,162.010302,103.548618,0.000000,540.552335,459.002595,372.418877,332.812807,264.253801,167.216839,118.751910,99.948832,544.267506,481.520142
40,340.172566,384.469946,386.844379,433.211863,437.289321,493.741541,552.587583,587.575545,281.789271,310.051642,312.813015,343.157222,388.500969,454.898074,505.020090,555.818106,197.271829,217.407364,277.110974,276.611120,356.098854,404.693479,480.558922,559.154022,126.928883,134.707592,182.597590,252.176355,338.405082,375.377466,457.798301,522.257471,57.629167,99.864242,153.108230,214.346085,285.749465,378.809246,438.323428,540.552335,0.000000,85.595001,171.531725,208.684542,283.176389,396.945192,436.383936,543.392662,91.871773,117.049015
41,374.062266,394.914484,379.198229,414.785781,408.066156,456.488489,504.512391,532.427639,319.697249,317.376244,297.513076,315.928425,348.738854,400.542771,443.823002,491.848979,233.037879,216.492529,255.604123,234.539559,307.133654,344.689973,411.647648,487.096293,165.083823,148.375491,153.439340,201.092873,270.960134,301.202496,385.308345,443.703104,98.219913,94.936447,87.765010,145.704488,207.114502,298.247661,356.013798,459.002595,85.595001,0.000000,87.128569,126.207662,198.619931,311.877947,352.252523,458.295110,103.438981,72.280982
42,406.832265,404.048122,370.741200,393.322258,375.318601,413.390034,448.750056,468.878275,358.870375,327.951813,286.439085,290.371251,307.056363,340.448790,375.410367,419.924229,276.785344,229.537412,241.882438,199.143001,257.058408,279.942331,335.772983,407.497981,219.212059,187.838560,149.958638,158.469831,200.099375,221.563254,306.192794,358.950548,168.600813,139.144201,63.359260,85.838360,124.434471,212.592458,269.201954,372.418877,171.531725,87.128569,0.000000,40.897709,111.674885,225.474882,265.171718,371.908946,176.947296,120.827798
43,413.920596,400.022005,359.064348,375.247422,352.354789,385.408754,415.306286,432.471920,369.797338,326.122051,275.525376,272.408767,281.102810,306.012224,337.678979,380.962940,291.735892,232.333291,231.314725,179.719772,228.194131,244.177328,295.918742,366.819102,240.705469,204.735838,151.065868,137.773303,162.756077,181.082899,265.670518,318.290084,198.795628,161.849336,75.382697,63.482016,83.629878,172.215623,229.969842,332.812807,208.684542,126.207662,40.897709,0.000000,76.902462,190.928275,228.065784,336.748305,217.796562,160.601666
44,476.759225,449.852677,398.342171,402.791095,370.458863,390.448327,403.374531,409.084413,436.694261,380.214153,318.570550,303.702115,295.054435,293.865406,310.490383,345.991479,362.561822,294.040517,276.816757,214.408166,237.854265,229.972752,256.941019,317.474074,315.616138,277.825527,214.730141,175.062594,148.940971,141.820775,220.989327,256.774253,275.692895,237.798796,150.381612,115.492748,60.166468,111.255183,160.741065,264.253801,283.176389,198.619931,111.674885,76.902462,0.000000,114.272076,153.722956,260.506869,280.020458,217.606971
45,570.770400,528.342462,465.611872,455.166446,412.469004,413.437284,400.704585,388.113371,536.250255,465.765535,394.103650,366.770569,337.795051,300.747522,291.629476,310.374275,467.709284,390.634589,357.515203,289.658756,282.209959,243.520082,224.488404,257.922336,426.069401,386.477967,316.161981,257.983148,184.686065,141.385882,184.061287,177.225550,389.610770,349.973578,262.458593,217.921102,138.079030,81.683609,75.430347,167.216839,396.945192,311.877947,225.474882,190.928275,114.272076,0.000000,48.475482,146.447731,386.529951,322.415699
46,586.528938,535.577291,468.043940,450.815245,404.409942,397.351661,374.832937,355.856541,555.980481,477.632934,401.968885,369.320764,332.158701,281.560278,262.662028,274.738557,492.177862,410.075689,368.841277,300.505413,279.600971,230.131768,193.312144,215.778849,455.726249,414.689254,340.025590,273.834867,186.153484,134.142590,153.894157,131.283182,424.788589,382.269475,295.634966,245.341067,162.912220,80.366480,36.606404,118.751910,436.383936,352.252523,265.171718,228.065784,153.722956,48.475482,0.000000,111.890295,431.216894,367.512789
47,694.723766,637.909676,566.486272,541.935871,491.615426,472.624420,431.817417,397.695763,666.155379,583.855774,505.877941,469.141989,424.148830,356.176105,318.935712,311.895739,603.781657,520.480448,475.462536,407.524545,376.380014,316.519853,251.438681,234.832512,567.505834,526.565160,451.688301,383.566535,289.689907,234.245759,220.265296,147.834302,534.898615,493.472843,406.435949,357.187632,274.789445,189.000961,128.226365,99.948832,543.392662,458.295110,371.908946,336.748305,260.506869,146.447731,111.890295,0.000000,530.140316,465.703242
48,432.002572,472.663295,468.479033,509.736514,507.282471,558.166207,607.867271,635.665940,373.660968,396.848378,390.179581,413.934738,450.665864,503.928386,546.199295,593.299265,288.906812,300.048648,350.710385,336.381232,410.364886,447.559157,511.269931,584.324962,218.188953,220.358432,249.863622,304.228446,372.184390,398.232703,482.847482,534.466602,146.247047,175.332809,191.192180,247.942755,301.381705,387.654695,440.760980,544.267506,91.871773,103.438981,176.947296,217.796562,280.020458,386.529951,431.216894,530.140316,0.000000,64.478890
49,441.001330,466.615943,451.328844,485.710445,476.727221,522.229671,564.874559,588.131146,384.981182,389.173739,369.283751,385.734097,414.471335,458.154689,495.754183,540.728900,298.138386,288.528777,326.895363,301.172910,369.331515,399.115009,456.444534,526.926194,227.841698,217.458713,224.859655,264.811385,320.515321,341.598574,426.106269,473.520397,155.546903,165.256199,150.777265,200.316934,243.830014,326.807551,378.168437,481.520142,117.049015,72.280982,120.827798,160.601666,217.606971,322.415699,367.512789,465.703242,64.478890,0.000000
