node_id,0,1,2,3,4,5,6,7,8,9,10,11,12,13,14,15,16,17,18,19,20,21,22,23,24,25,26,27,28,29,30,31,32,33,34,35,36,37,38,39,40,41,42,43,44,45,46,47,48,49,50,51,52,53,54,55,56,57,58,59,60,61,62,63,64,65,66,67,68,69,70,71,72,73,74,75,76,77,78,79,80,81,82,83,84,85,86,87,88,89,90,91,92,93,94,95,96,97,98,99
0,0.000000,59.851805,147.631381,241.279291,300.789394,394.844986,473.522160,521.469690,615.676711,699.976138,86.182816,121.219476,201.799495,252.090930,323.656739,411.268348,448.522255,562.814743,610.023384,704.196234,179.320757,190.563782,234.073419,311.560925,356.249179,438.480000,494.545836,585.267304,639.727269,725.458013,231.099264,251.340022,313.963637,337.379560,411.173978,445.496672,512.588577,631.983723,665.797185,756.264379,325.941399,357.195434,371.008034,437.786259,475.208343,547.415387,564.529254,661.667336,702.374914,749.789205,419.866259,417.243199,432.028816,483.394011,534.989703,558.608394,640.354626,682.543526,743.637459,812.258852,488.175887,508.812642,497.139429,562.433504,603.532737,663.221214,700.593982,734.076457,793.823585,855.833016,532.334119,583.732932,562.628470,604.461188,643.185474,699.554691,733.813048,792.467034,874.805746,924.164644,621.864128,645.461278,650.967191,672.198168,708.292523,774.610956,781.154443,832.662201,933.672797,977.991158,690.459787,698.447142,719.538809,782.804415,793.244500,801.549548,871.441238,929.711345,964.907617,1021.664548
1,59.851805,0.000000,88.099754,183.363950,241.156923,336.132365,414.702657,463.003136,556.788375,641.744599,83.215514,73.847401,143.807291,194.880866,263.961320,351.431833,388.714736,502.974067,550.264701,644.577533,172.295886,158.222260,183.670164,255.026001,298.777601,379.134611,435.262516,525.641896,579.912283,665.608361,212.996212,215.578118,274.612492,286.100232,357.547100,389.203877,454.440563,573.300836,607.091707,697.031738,311.934484,328.094205,334.441775,392.768762,425.233459,493.682303,508.560201,604.982055,643.940290,691.024576,402.589302,391.052683,395.321016,441.941422,489.257301,507.836214,587.231055,627.248260,687.816246,755.236428,473.705184,483.581865,465.654005,522.331114,558.018862,615.034565,650.325589,681.382052,738.620667,799.754696,517.933766,558.299529,532.803321,568.813175,601.538520,654.478622,684.977239,741.646659,821.845014,870.232642,605.769852,621.009997,623.186570,636.271222,669.614732,731.867628,733.970245,782.853286,882.127397,925.542917,672.898397,676.765725,691.596670,748.179563,754.687216,759.919548,827.670564,882.232592,914.772322,969.791659
2,147.631381,88.099754,0.000000,97.389290,153.159493,248.394797,326.837807,375.392745,468.846649,554.258189,145.060896,79.353148,73.634518,123.272448,178.856612,264.802192,301.104175,415.563043,462.462296,556.566832,207.658198,158.022581,136.500607,182.966531,222.451083,295.288873,351.473168,440.222771,493.323781,578.303034,227.082064,198.684886,244.557112,227.970662,291.030887,315.045785,374.391590,491.194368,524.840632,612.960258,323.307532,313.952843,306.205911,345.168165,366.045988,424.848069,434.141168,528.236158,562.414635,608.446754,404.457229,378.897688,364.195719,400.236206,437.947193,445.577191,518.987390,553.781237,612.855566,677.190184,477.544989,469.990660,441.841610,481.484361,506.086801,557.065196,587.771136,613.483667,664.914806,723.856954,520.735438,542.653050,510.269093,535.357412,556.534600,602.307952,625.106293,677.371337,752.755353,798.923231,604.177338,605.859111,602.485904,601.302160,629.284612,683.442639,677.038962,720.420742,815.759722,857.189110,667.972312,665.270281,669.669116,714.230949,713.727806,713.331505,776.643272,823.900089,851.122303,902.487396
3,241.279291,183.363950,97.389290,0.000000,71.161497,154.099320,232.801801,280.268883,374.910079,458.697257,240.776072,168.817576,102.446635,118.391309,114.762133,186.290163,216.044614,330.126435,374.363715,466.351719,291.237511,226.748983,167.146031,158.228230,180.701765,226.244102,280.521636,362.330801,410.785790,492.318352,296.923160,247.640145,273.887470,221.794085,262.907732,269.828282,312.832422,421.818670,454.617444,537.193905,384.674834,353.449524,331.424447,343.069697,345.259124,384.802132,383.091114,470.213856,493.457149,536.490719,454.077925,416.422143,381.978914,402.835321,425.574996,416.096375,477.150598,501.722884,556.998166,614.508162,526.412211,502.184695,464.115562,481.689224,490.331662,530.965996,553.848003,570.296090,610.720100,664.922897,567.456901,570.436587,531.495980,543.081421,548.914765,583.672449,594.631929,639.116253,705.642826,747.573550,644.808807,632.617995,623.275493,605.434822,626.046443,668.432007,650.063360,684.454671,772.468626,810.296797,704.104622,694.705545,687.694384,717.370036,708.089880,700.304806,756.626157,792.872707,811.781548,856.933543
4,300.789394,241.156923,153.159493,71.161497,0.000000,100.580097,176.587080,226.268197,317.479057,404.794234,284.743856,208.635608,121.480562,104.590765,49.810213,115.680159,148.492550,263.125504,309.400206,403.422806,316.590359,242.849120,164.148219,115.538016,122.470250,155.224044,209.361660,292.189083,342.355298,425.873111,308.720899,246.129156,255.350811,183.078581,207.030567,205.085758,242.438580,350.669159,383.509444,466.814192,384.986646,337.527690,306.157734,299.005817,290.262224,320.034384,314.664714,399.880210,422.314321,465.553616,442.381742,396.528628,349.295646,359.631687,373.121962,355.304488,410.871231,432.452715,486.842010,543.482387,512.398474,476.068621,431.971484,435.199158,434.998605,470.310871,489.850078,503.090783,540.757517,594.202274,550.966057,539.913430,497.201662,500.002626,497.016586,525.897434,531.691352,573.163964,636.988230,677.934329,622.447723,600.477929,587.268725,559.375939,575.633683,611.688420,588.183158,619.084108,704.644110,741.512447,677.703399,663.661319,649.156035,669.647376,655.703763,644.288146,697.102418,728.843373,744.982146,788.395061
5,394.844986,336.132365,248.394797,154.099320,100.580097,0.000000,78.722632,127.047290,220.879751,305.967672,384.724402,308.864635,221.918899,198.599177,112.803998,82.513511,81.007571,184.457143,224.029041,313.432959,416.070825,340.888188,257.981662,186.834228,167.679824,132.221726,168.794049,228.252434,267.278836,343.156859,404.410055,337.213895,334.824304,248.209580,241.309239,214.844678,215.907093,299.571781,329.335631,400.772937,473.890961,415.932772,377.143186,346.773240,318.408180,318.778122,297.302126,364.925837,368.725892,405.741855,521.790045,469.693939,410.230149,405.563321,401.878907,364.899076,399.245918,404.811388,451.144063,495.940306,588.657178,540.895310,490.770505,472.772681,455.043576,475.722911,484.300905,484.625192,505.576887,550.834522,624.386218,598.248125,551.570878,541.427034,522.537989,537.438085,528.581720,558.495151,608.780025,643.143360,688.960508,655.712631,637.504495,594.424636,602.278329,623.921724,587.146957,605.834204,679.828393,711.319848,738.979887,719.402132,694.738004,699.744748,676.903409,657.670432,700.916949,718.783977,724.322001,759.090283
6,473.522160,414.702657,326.837807,232.801801,176.587080,78.722632,0.000000,50.066712,142.164760,228.218010,461.291469,385.092237,296.235893,266.958164,176.599528,106.035173,68.334755,120.084226,151.169757,236.384774,487.251043,410.386815,324.497820,242.766258,211.672069,138.406820,147.701931,174.933676,201.488543,269.987052,470.574109,399.742466,388.016609,295.346089,268.389958,227.624800,199.072696,252.927537,278.587513,338.439774,532.465299,466.241670,422.550810,375.967502,334.662456,312.376876,279.481804,328.487751,316.948081,348.017250,571.162673,514.620426,446.893399,430.892542,414.217509,364.193962,380.111884,372.630097,411.028173,445.626518,634.425770,577.665009,523.649422,489.438722,458.628482,467.193655,466.912063,457.091760,464.504548,502.679450,667.259009,628.742222,579.641187,559.375148,528.417001,531.989562,511.896275,532.119047,571.089171,600.014634,725.148705,682.821386,660.775506,606.231288,607.280783,617.184354,570.761084,579.627327,643.670666,670.769525,770.178461,746.146486,713.415237,705.886112,676.325142,651.250334,686.368491,693.302562,690.735288,718.692184
7,521.469690,463.003136,375.392745,280.268883,226.268197,127.047290,50.066712,0.000000,95.953009,178.922823,511.010985,434.879402,346.251734,316.803788,226.271392,151.140049,108.802520,108.132994,122.393975,196.308228,537.214147,460.212764,374.025168,290.707313,257.198939,175.128378,170.109053,169.576138,180.358807,236.477552,519.845302,448.394130,434.331691,340.554036,307.226539,261.842788,219.702091,249.089079,270.134788,317.126507,579.861000,511.324444,466.210015,413.896795,367.588442,334.273678,295.642703,330.308584,306.420793,331.199166,615.566575,557.642653,487.165057,466.574555,444.024470,388.050223,392.740142,376.538103,408.260214,434.003151,677.341465,617.231413,561.869682,520.531020,483.344731,484.945256,479.219260,462.807417,460.186753,492.203242,708.965830,665.377845,615.434392,590.527956,553.625707,550.817341,524.092843,537.703221,568.187829,592.703088,763.925247,717.678785,693.918991,633.960628,631.376996,634.511798,582.547330,584.861379,641.326312,664.949017,806.607629,780.590196,744.066438,730.000537,696.843781,668.521906,698.432011,698.170882,689.949109,712.700658
8,615.676711,556.788375,468.846649,374.910079,317.479057,220.879751,142.164760,95.953009,0.000000,91.034385,601.362260,525.011350,434.860722,400.865557,310.366761,225.955173,181.555218,104.121193,72.361795,105.183199,621.178174,543.102801,455.433008,366.682658,327.259483,232.845051,204.675821,154.611160,130.149443,154.404731,598.780835,524.879413,502.683579,407.376907,359.894914,307.384048,243.719865,223.446098,233.333049,252.689645,650.392418,574.966321,526.422852,460.975032,405.133096,351.035575,303.851670,308.529753,262.714836,274.247573,676.135104,614.875534,538.257117,507.218940,472.376168,406.077792,388.351358,356.120268,373.788766,382.395311,733.092833,664.678163,606.713404,549.745743,499.900037,487.293887,470.982285,442.364910,421.021805,441.062745,761.113528,705.027420,653.698977,618.558781,569.527544,553.641996,514.387686,514.918420,528.960081,545.133808,807.922106,752.503675,725.005807,653.787105,643.498254,632.665636,570.701283,560.380787,601.832631,618.916697,844.397404,813.821309,768.910058,740.754557,700.527462,666.010038,685.142662,671.113136,652.575489,665.771197
9,699.976138,641.744599,554.258189,458.697257,404.794234,305.967672,228.218010,178.922823,91.034385,0.000000,689.434312,613.177420,523.720431,491.091146,400.412174,316.872689,272.417927,187.865715,142.904158,97.366167,711.610143,633.681241,546.157088,457.706074,418.181820,323.059770,291.143585,226.079310,181.476241,155.019075,689.774321,615.913745,593.175049,497.855651,448.011390,394.303185,325.492443,280.167524,280.161514,267.429389,740.996605,664.561472,615.418716,546.701900,488.137735,426.211259,376.301819,361.813179,300.394725,296.527068,764.836388,702.864039,624.762118,590.311780,550.683650,480.555878,450.405556,408.049815,413.134047,403.925496,820.339045,749.369143,690.720803,627.556339,571.909898,551.153489,528.094756,491.086665,453.960030,460.671172,847.130416,786.434365,734.789186,695.157306,640.205168,616.609406,569.453688,559.758247,558.487652,565.588940,890.731535,831.497141,802.351157,725.759918,711.102730,691.322419,623.068271,602.770876,629.465068,639.435410,924.364679,891.750067,842.760342,806.579124,762.149181,723.767782,734.625826,709.276937,681.381569,684.481726
10,86.182816,83.215514,145.060896,240.776072,284.743856,384.724402,461.291469,511.010985,601.362260,689.434312,0.000000,76.358041,167.385806,209.894370,294.612575,383.596269,424.911115,536.102576,585.741961,681.785739,94.348923,111.296206,174.717474,263.732231,310.518401,402.004726,456.547276,550.025380,607.997023,696.519019,144.964525,172.194302,236.301253,275.051608,352.152985,393.294343,466.879187,587.983970,621.664004,715.369533,240.137962,272.751508,290.320297,364.034932,407.951704,486.746863,509.698166,608.369876,656.380042,705.463323,333.794535,331.732809,350.910703,405.551725,461.183937,491.871134,577.545375,624.762745,687.015235,759.292401,402.546857,422.979020,413.006909,482.994159,529.034816,591.770621,632.081883,669.817216,735.174454,799.464750,446.762975,497.863158,477.764925,521.941567,564.668672,624.127979,662.952630,724.468690,810.510285,861.826110,536.069984,559.436977,565.460107,589.660305,627.325700,696.639009,707.895010,762.884023,866.470440,912.354203,604.501876,612.265047,634.011045,699.422356,712.016601,722.554592,794.189939,856.409389,895.260999,954.830162
11,121.219476,73.847401,79.353148,168.817576,208.635608,308.864635,385.092237,434.879402,525.011350,613.177420,76.358041,0.000000,91.417689,136.679474,218.764099,307.843727,348.792962,460.498042,509.879760,605.800382,128.435134,89.465531,112.864830,193.723040,239.761765,328.173747,383.356673,476.233387,533.422200,621.475301,153.309553,143.184836,200.926918,216.164857,290.267734,326.505990,396.755848,517.360952,551.157005,643.683790,251.990619,257.551261,261.130249,319.448886,354.281676,426.436918,444.908274,542.714287,586.770879,635.161347,338.497595,321.501222,321.864942,368.116772,416.216972,437.524873,519.203984,562.238274,623.691603,693.592308,410.895281,413.998549,393.457620,448.483914,484.947490,543.078246,579.665632,612.868695,673.394026,736.043710,454.807637,488.332565,461.037058,495.374963,527.757764,581.317876,613.398520,671.420434,753.610774,803.139647,540.952756,551.332620,552.021535,562.746443,595.794637,658.236230,661.579982,711.901088,812.514111,856.771711,606.869313,608.350555,620.249575,674.827266,680.864601,686.161013,754.238379,810.008255,844.063172,900.473681
12,201.799495,143.807291,73.634518,102.446635,121.480562,221.918899,296.235893,346.251734,434.860722,523.720431,167.385806,91.417689,0.000000,51.587255,127.346985,216.426983,257.526394,369.092918,418.474085,514.438013,196.054244,125.928679,69.895505,112.117891,154.992460,238.160329,293.856146,385.967389,442.496287,530.249801,195.324442,146.256994,180.386033,154.394800,218.433103,246.032931,310.825484,430.254142,464.074701,555.176925,282.305190,256.177858,240.982279,272.573839,292.466975,353.323018,365.483223,461.367363,500.575742,548.090155,353.953938,320.445845,296.612019,328.722951,364.554538,372.392247,447.379288,484.640722,544.702714,611.478026,426.750237,409.174083,376.427705,409.817913,432.579305,483.512755,514.762276,541.849683,595.992679,656.411403,468.589631,480.020405,444.757320,465.559952,483.810540,528.740684,551.742642,604.767039,681.650556,728.793569,548.416082,542.966642,537.116146,530.793867,557.341014,610.120525,603.463712,647.470239,743.772610,785.864314,609.823249,603.749422,603.442914,643.713125,641.514308,640.197303,703.086884,750.453464,778.468152,830.825625
13,252.090930,194.880866,123.272448,118.391309,104.590765,198.599177,266.958164,316.803788,400.865557,491.091146,209.894370,136.679474,51.587255,0.000000,90.773013,176.890102,220.179870,327.943184,378.365497,474.747508,220.651543,143.429482,59.802523,60.531575,104.161180,192.111078,246.870076,340.150737,398.229242,487.084034,205.845549,141.548011,156.814844,108.967909,167.758975,194.515116,260.821658,380.997932,414.815435,507.018336,280.493671,237.891901,213.171356,230.134541,243.953277,302.010655,313.958341,410.101661,450.824563,498.849366,341.078617,299.594763,263.872175,288.471618,318.839641,322.489212,396.115577,433.062224,493.198856,560.407663,412.349674,384.087552,345.816597,368.738732,386.109833,434.640415,464.549554,490.607823,544.418875,604.985156,452.306881,452.046362,413.362967,427.673787,440.015537,481.747774,502.178023,554.107330,630.252881,677.238780,527.672752,514.243521,505.308706,491.432885,515.194193,564.275811,554.671590,597.173193,692.703976,734.533919,586.132489,576.316986,570.201036,604.027315,598.632962,594.972655,656.041337,701.084020,727.855182,779.614620
14,323.656739,263.961320,178.856612,114.762133,49.810213,112.803998,176.599528,226.271392,310.366761,400.412174,294.612575,218.764099,127.346985,90.773013,0.000000,89.095708,130.666981,241.798127,291.143151,387.183735,311.424544,234.016040,147.944638,75.764635,73.160375,116.725053,172.799948,261.717125,316.403394,403.372084,294.265346,225.058428,222.937183,141.309018,157.643607,156.104334,199.786216,313.309741,346.774321,434.107248,361.125790,304.635218,268.559557,252.577529,240.800335,271.208881,268.349717,356.664512,384.825319,430.066305,410.429211,360.523376,307.293653,313.125030,323.957945,305.590279,362.837189,387.170241,443.109889,502.813740,478.498491,436.158437,389.535414,387.347230,385.349382,420.620265,440.846800,455.689606,496.587468,551.974831,515.462012,497.629177,453.488599,453.023867,447.803368,476.088838,482.406754,525.000773,590.895470,633.144492,583.597187,557.281074,542.561439,511.402202,526.627612,561.899358,538.693729,570.648219,657.751672,695.560356,636.763879,620.740346,603.377180,621.135849,606.315425,594.529467,647.351006,679.914037,697.339381,742.174080
15,411.268348,351.431833,264.802192,186.290163,115.680159,82.513511,106.035173,151.140049,225.955173,316.872689,383.596269,307.843727,216.426983,176.890102,89.095708,0.000000,44.507087,152.710788,202.168959,298.359079,395.931750,317.595976,229.685499,141.262517,106.105931,50.457484,96.567215,176.598933,228.548903,314.589235,372.966320,299.665732,283.193110,189.640533,165.723364,133.291585,137.882315,236.627781,268.941139,351.134104,429.049638,360.539600,316.516165,273.192269,238.668569,236.532035,217.613683,292.543273,308.048743,350.283026,465.244588,408.608810,341.963196,330.096938,321.373600,282.404778,318.932529,329.449710,379.669291,431.456881,528.412468,472.956515,420.002502,393.828076,372.986895,393.361475,403.164317,406.486053,434.094195,483.932402,561.483366,526.177055,477.999212,463.122734,440.926241,454.926641,447.178348,479.549828,534.532370,571.916085,620.776317,581.798805,561.630947,514.244998,520.627939,541.415866,505.567795,526.651889,604.442626,638.159673,667.528774,645.382339,616.986021,618.397904,594.623481,575.158300,618.921373,639.067374,647.571763,685.649204
16,448.522255,388.714736,301.104175,216.044614,148.492550,81.007571,68.334755,108.802520,181.555218,272.417927,424.911115,348.792962,257.526394,220.179870,130.666981,44.507087,0.000000,114.633378,161.750698,257.131068,439.918067,361.695351,273.912679,185.729351,149.175799,70.191390,90.306791,149.552474,194.764477,277.385731,417.467332,344.133391,326.415748,232.101918,200.358617,159.561201,140.166995,218.748603,248.962693,323.955410,472.848196,402.691374,357.410800,307.823769,266.651306,249.822077,222.130358,284.519431,288.394503,326.838109,506.782368,448.926506,379.494052,362.558395,346.920437,299.901728,324.158174,325.351305,370.417557,415.163035,568.664239,510.041603,455.623518,421.664743,393.409876,406.301652,410.326757,406.690038,424.807667,469.866845,600.668215,560.483732,511.317951,491.532090,462.759283,470.022176,455.066730,481.115950,528.561731,562.276793,657.310921,614.487727,592.552190,539.376980,542.003948,555.924865,513.917582,528.604152,599.961134,630.749074,701.913969,677.820090,645.606762,640.445298,612.863870,589.923883,628.793598,641.980472,645.068152,678.563908
17,562.814743,502.974067,415.563043,330.126435,263.125504,184.457143,120.084226,108.132994,104.121193,187.865715,536.102576,460.498042,369.092918,327.943184,241.798127,152.710788,114.633378,0.000000,51.413083,147.398638,543.639057,465.086393,377.087705,284.406179,240.673424,142.249925,103.498195,61.965986,82.915439,162.771393,514.979750,439.397257,410.391348,315.586290,260.865602,206.581666,139.629524,141.137876,162.309829,218.662307,558.256133,478.841619,428.845232,358.894680,301.487884,247.962213,202.464213,223.584180,199.335277,228.073424,577.779348,515.337931,436.896436,403.670452,368.326683,303.043343,292.909022,270.458326,300.177844,327.662246,632.524596,561.937200,503.590581,445.715686,397.508483,389.363300,378.097576,357.171212,352.063698,385.441432,659.321891,601.107903,549.715380,514.661733,467.486901,455.792335,422.531299,431.716999,460.057530,485.041774,704.379485,648.382483,620.973083,551.071033,542.648983,537.127766,480.309111,478.588087,533.203506,557.039193,740.317067,709.728632,665.499523,640.522821,602.752868,570.878711,595.936670,591.541190,581.923691,604.834801
18,610.023384,550.264701,462.462296,374.363715,309.400206,224.029041,151.169757,122.393975,72.361795,142.904158,585.741961,509.879760,418.474085,378.365497,291.143151,202.168959,161.750698,51.413083,0.000000,96.405278,594.811691,516.250156,428.204601,335.701389,292.084922,193.657503,152.764944,84.563311,61.582601,119.229051,566.392754,490.802059,461.261767,366.644606,310.083132,255.021709,183.001552,151.130027,162.494228,195.429421,609.029542,528.728151,478.275025,405.480221,345.633920,284.174659,235.248456,236.246937,194.131070,211.950188,626.661797,563.660371,484.012634,447.724076,407.977447,338.874206,316.589803,283.852795,303.417649,317.931685,680.008508,607.235561,548.347286,484.993853,431.490363,416.041509,398.744894,370.221324,352.043560,376.633470,705.687831,643.536688,591.885972,552.955154,500.590205,482.276674,442.063415,443.078349,460.354196,479.478220,747.959773,688.777310,659.986042,585.521715,573.463259,560.674314,498.339654,488.800459,533.476290,552.823366,781.527292,749.264889,701.688821,670.247496,629.019706,593.937896,612.820215,600.049042,583.709045,600.117447
19,704.196234,644.577533,556.566832,466.351719,403.422806,313.432959,236.384774,196.308228,105.183199,97.366167,681.785739,605.800382,514.438013,474.747508,387.183735,298.359079,257.131068,147.398638,96.405278,0.000000,691.037450,612.485015,524.479703,431.762057,387.662928,289.124501,244.566476,159.993396,102.010037,58.541873,661.789131,585.971683,554.202755,460.331288,399.844137,343.936305,266.439530,195.315043,189.289747,170.286235,701.471483,618.964062,567.606257,489.526342,426.058204,353.429577,301.685323,272.127609,205.393981,199.170953,714.315562,650.272983,568.514604,526.724327,479.727065,405.759759,364.626339,316.878757,317.413888,306.651082,764.436511,687.456350,627.850072,554.965796,493.052878,465.430100,438.291590,397.700088,356.968475,363.633905,787.667684,717.941895,666.144082,620.352404,559.356342,529.701374,478.275373,464.724500,461.146838,468.617413,824.093290,758.985921,727.762720,645.540307,627.032911,601.328762,530.375115,506.972758,532.104301,542.538999,852.809021,817.455468,763.823382,720.643425,673.564358,633.152528,640.463397,612.518812,584.015577,587.867881
20,179.320757,172.295886,207.658198,291.237511,316.590359,416.070825,487.251043,537.214147,621.178174,711.610143,94.348923,128.435134,196.054244,220.651543,311.424544,395.931750,439.918067,543.639057,594.811691,691.037450,0.000000,78.563541,166.659349,259.460349,304.808931,402.733268,452.979056,546.925650,607.785154,697.937297,59.865231,119.635720,179.539862,246.748254,323.755521,373.158247,452.809316,572.757830,605.542654,701.786999,146.951258,192.974569,221.917339,308.675595,363.151494,450.302034,481.430597,580.012045,637.137896,687.602137,241.447544,246.250264,279.267531,340.295233,402.852111,445.456509,535.650246,589.629228,652.576235,729.047676,308.902734,335.149746,331.767700,412.774217,468.099699,535.406411,580.145228,624.190173,697.153530,763.987752,353.033215,409.539313,393.608702,444.111936,495.380047,560.215618,606.701025,672.279696,763.289531,817.106942,442.681301,470.036521,478.573623,511.281589,552.308237,627.275099,647.065681,707.443268,814.322450,862.300038,511.487786,521.008743,546.856623,618.423850,635.932739,651.019493,725.576502,794.428282,839.060461,902.675510
21,190.563782,158.222260,158.022581,226.748983,242.849120,340.888188,410.386815,460.212764,543.102801,633.681241,111.296206,89.465531,125.928679,143.429482,234.016040,317.595976,361.695351,465.086393,516.250156,612.485015,78.563541,0.000000,88.111627,181.014282,226.658695,324.328692,375.054207,469.122981,529.735664,619.812020,70.553809,61.131663,125.023835,173.544606,251.456329,298.314780,376.730815,497.327522,530.425199,626.200619,165.314963,169.890803,180.478374,253.097601,299.805538,382.511817,410.006641,508.953760,562.984194,613.138215,249.318581,232.978529,241.472420,294.432891,350.099496,383.531119,471.171647,521.646896,584.404374,659.111842,321.959816,325.536870,308.228279,372.475381,417.806887,481.126998,522.441564,562.206962,630.880265,696.527703,365.728415,400.161761,374.921730,414.032975,453.814187,512.832078,552.410663,614.892976,702.549282,754.839956,451.530682,462.968687,465.015794,481.751533,517.814901,585.663228,596.768526,652.593619,757.051218,803.575872,517.411555,519.356146,533.462295,592.711671,602.728852,611.925209,683.072042,745.239322,784.914529,845.478309
22,234.073419,183.670164,136.500607,167.146031,164.148219,257.981662,324.497820,374.025168,455.433008,546.157088,174.717474,112.864830,69.895505,59.802523,147.944638,229.685499,273.912679,377.087705,428.204601,524.479703,166.659349,88.111627,0.000000,93.643046,140.086023,236.802857,288.557503,382.722933,442.812961,532.700989,146.542867,82.633390,110.522159,103.307997,178.415240,218.692811,293.866186,415.031811,448.526828,543.282079,221.710996,187.026540,171.396652,211.410313,241.727045,314.203334,335.122923,433.696388,482.519732,532.015044,286.959583,250.928097,228.089241,264.541211,306.711328,324.749095,406.571095,451.058193,512.995130,584.643358,359.273128,339.294117,307.037302,345.796352,375.424797,431.380462,467.027705,500.086263,561.918467,625.454358,400.480913,410.177745,375.439077,398.858523,422.315412,471.967508,501.322089,558.657342,640.857307,690.695503,479.152420,473.161584,467.795746,464.890082,493.725437,550.995484,550.451564,599.411154,699.663346,743.929270,540.109827,533.861964,534.438381,577.801973,578.429202,580.035344,645.772419,698.622811,731.472032,787.609803
23,311.560925,255.026001,182.966531,158.228230,115.538016,186.834228,242.766258,290.707313,366.682658,457.706074,263.732231,193.723040,112.117891,60.531575,75.764635,141.262517,185.729351,284.406179,335.701389,431.762057,259.460349,181.014282,93.643046,0.000000,46.916179,143.320423,195.015987,289.170266,349.169940,439.076067,232.202178,158.405007,148.000753,67.544275,109.232843,134.178084,203.333843,324.314327,358.036138,451.688223,289.808110,229.238385,192.924772,185.942097,188.877870,241.884104,253.567463,350.139081,393.212502,441.932049,335.093613,284.768679,233.815690,246.296747,267.640943,264.595900,336.022695,372.557645,432.826615,500.702078,402.791654,361.408913,316.459311,324.029246,333.245238,378.024460,405.935482,430.520277,483.922391,544.728981,439.705147,424.441510,381.716889,386.889376,390.750325,427.718991,444.445981,494.801027,569.940732,616.734381,508.473329,484.940161,472.029440,448.056368,467.830054,511.618854,497.953201,538.341546,632.810701,674.300132,562.641995,548.131510,534.502870,559.587968,549.916651,543.084663,601.560733,643.438190,668.550681,719.528254
24,356.249179,298.777601,222.451083,180.701765,122.470250,167.679824,211.672069,257.198939,327.259483,418.181820,310.518401,239.761765,154.992460,104.161180,73.160375,106.105931,149.175799,240.673424,292.084922,387.662928,304.808931,226.658695,140.086023,46.916179,0.000000,98.538523,148.524627,242.680443,303.079499,393.161829,274.316799,198.926700,177.253630,83.678254,84.563122,92.873909,156.995308,277.730347,311.494446,404.854337,323.882351,254.571547,211.739918,181.904830,167.792275,205.821062,211.691292,306.517073,347.022605,395.459484,359.588394,304.253332,242.558091,242.051260,250.802949,235.419903,299.419851,331.359403,390.511791,456.487774,423.900825,373.239244,323.403278,314.780385,312.625322,350.359508,373.698868,393.566711,442.463751,501.838617,458.224135,431.152305,385.343528,381.160494,374.661349,404.252063,414.055675,460.354153,531.587176,576.779746,521.320129,489.465830,472.982004,438.679858,453.468051,489.725997,469.361702,505.044070,596.203842,636.232926,571.566679,553.116350,532.543499,548.096101,533.252303,522.144203,576.439119,612.541353,633.729911,682.074410
25,438.480000,379.134611,295.288873,226.244102,155.224044,132.221726,138.406820,175.128378,232.845051,323.059770,402.004726,328.173747,238.160329,192.111078,116.725053,50.457484,70.191390,142.249925,193.657503,289.124501,402.733268,324.328692,236.802857,143.320423,98.538523,0.000000,56.200655,148.080717,206.522664,296.061554,372.764986,297.147710,270.178329,174.885208,132.141233,89.404283,88.981993,196.730708,230.102914,317.938242,418.085551,342.337321,294.633103,238.874427,196.492314,186.577345,167.415409,245.669968,268.335912,313.342682,444.517847,384.690920,312.248058,292.700778,277.239450,233.751525,268.524332,280.822519,332.846324,388.270228,503.983923,442.115409,386.845562,351.601346,325.761178,343.571701,352.716375,356.586622,387.078815,439.160770,534.542769,491.001237,441.554015,421.423818,394.514146,405.728269,396.766865,429.375857,486.017592,524.721285,588.840241,544.531409,522.381324,469.954758,474.030778,492.113962,455.199673,476.407769,555.392516,590.000398,632.385728,607.802344,575.504396,572.220499,546.610194,525.945946,568.735921,588.703246,597.995831,637.327085
26,494.545836,435.262516,351.473168,280.521636,209.361660,168.794049,147.701931,170.109053,204.675821,291.143585,456.547276,383.356673,293.856146,246.870076,172.799948,96.567215,90.306791,103.498195,152.764944,244.566476,452.979056,375.054207,288.557503,195.015987,148.524627,56.200655,0.000000,94.165435,154.881668,245.133431,419.523519,343.349805,309.636931,216.016184,157.464049,103.159742,51.376809,141.348484,174.424357,261.774126,457.018098,375.965801,325.587792,256.307214,201.966335,165.255496,132.595988,196.986199,213.014010,257.337740,474.322354,411.847603,333.837816,303.493741,274.864986,218.267001,234.304298,236.022867,283.858123,335.032885,529.211184,460.051964,402.308510,351.880622,313.432802,319.493927,320.775454,316.484246,338.341640,387.370969,556.554975,502.110834,451.194200,421.720645,383.654667,384.351482,365.644674,390.830472,440.293272,476.167492,603.910115,551.768691,526.338584,463.895856,461.736917,469.482706,424.539754,438.309726,511.097478,543.298493,642.429286,614.043419,574.753416,560.401893,529.105035,503.548488,539.786648,551.673725,555.553113,590.961717
27,585.267304,525.641896,440.222771,362.330801,292.189083,228.252434,174.933676,169.576138,154.611160,226.079310,550.025380,476.233387,385.967389,340.150737,261.717125,176.598933,149.552474,61.965986,84.563311,159.993396,546.925650,469.122981,382.722933,289.170266,242.680443,148.080717,94.165435,0.000000,62.180218,152.097901,512.319385,436.091332,399.027316,307.329518,241.958059,185.879538,106.595720,79.578304,103.668547,174.969227,545.009582,460.558914,408.736448,329.541927,266.616216,200.138005,150.725067,161.666944,142.306328,177.525855,554.604433,490.386838,408.526691,367.947029,324.905154,254.608618,234.363231,208.676823,238.842807,270.903111,604.482539,528.403620,469.005446,401.579902,346.936520,332.748720,318.368858,295.460619,291.289931,327.755868,628.142408,561.740310,509.977201,469.080027,416.038034,399.134199,362.456287,369.881545,398.950629,425.572544,666.988211,605.650188,576.277782,500.966864,489.180527,478.895405,419.810445,416.686569,472.002640,496.956834,698.768041,665.703587,617.260082,586.229122,546.077746,512.434205,535.202306,529.587071,520.410871,544.832776
28,639.727269,579.912283,493.323781,410.785790,342.355298,267.278836,201.488543,180.358807,130.149443,181.476241,607.997023,533.422200,442.496287,398.229242,316.403394,228.548903,194.764477,82.915439,61.582601,102.010037,607.785154,529.735664,442.812961,349.169940,303.079499,206.522664,154.881668,62.180218,0.000000,90.276058,574.063302,497.842903,461.207527,369.368777,303.971728,247.914291,167.800843,98.776157,103.532536,137.430252,607.113966,522.292612,470.297847,389.311688,324.863012,251.536459,199.938408,181.936684,132.991726,151.170141,615.386989,550.859794,468.272122,425.051088,377.786618,304.250574,268.929557,229.053186,243.646335,256.416789,663.859352,585.838403,526.159507,453.245056,392.927390,369.698963,347.463564,314.244146,291.212453,315.098142,686.336256,615.948125,564.148115,519.089739,460.243932,435.139327,389.600779,385.788887,399.380921,417.902709,722.084733,657.368827,626.524217,546.189569,530.000353,510.516918,444.515750,430.806820,472.418844,491.279886,751.090924,716.198365,663.982069,625.162371,580.836553,543.240087,557.834144,541.096334,522.880720,538.548740
29,725.458013,665.608361,578.303034,492.318352,425.873111,343.156859,269.987052,236.477552,154.404731,155.019075,696.519019,621.475301,530.249801,487.084034,403.372084,314.589235,277.385731,162.771393,119.229051,58.541873,697.937297,619.812020,532.700989,439.076067,393.161829,296.061554,245.133431,152.097901,90.276058,0.000000,664.309632,588.085419,550.744579,459.423467,392.789712,336.884675,255.772584,162.454672,148.003557,112.562637,696.028069,610.130364,557.800400,473.883510,407.665974,327.406418,275.402457,229.806924,156.137436,142.950783,701.114011,636.119132,552.502727,505.523208,453.026281,376.781020,325.316094,271.766351,265.356171,249.160092,746.974356,666.011829,606.147518,526.003223,459.120356,425.013360,393.617055,348.801979,301.952671,305.663140,767.421666,691.122660,639.544445,588.942335,522.979045,487.569434,431.717516,413.136476,404.614920,410.569931,798.167545,728.672182,695.878575,609.185158,587.184930,555.554824,481.735237,454.061378,474.994426,484.422472,822.852091,785.401484,728.040180,678.601093,629.031024,586.582840,589.652121,557.691832,527.019936,529.568360
30,231.099264,212.996212,227.082064,296.923160,308.720899,404.410055,470.574109,519.845302,598.780835,689.774321,144.964525,153.309553,195.324442,205.845549,294.265346,372.966320,417.467332,514.979750,566.392754,661.789131,59.865231,70.553809,146.542867,232.202178,274.316799,372.764986,419.523519,512.319385,574.063302,664.309632,0.000000,76.228059,126.792932,206.012114,280.030707,332.464865,413.735369,531.616727,563.675011,660.458769,99.278943,133.154867,163.395301,253.212653,311.029704,400.630762,435.031771,532.698197,593.543596,644.325161,190.084054,188.001882,219.761803,281.704376,345.680129,391.876627,483.131037,539.411140,602.303255,680.122196,260.720142,278.367574,272.369846,353.190211,410.010493,478.240762,524.070743,569.943482,645.319825,712.874700,304.961627,353.155730,335.070698,384.357874,435.812117,501.335906,549.380089,615.886051,708.145636,762.630012,393.171664,414.524127,421.324858,451.607801,492.448955,567.618454,588.641592,650.130003,757.682467,806.156608,460.893384,467.436253,489.794668,559.194908,576.119616,591.210172,665.947093,735.642130,781.392831,845.918739
31,251.340022,215.578118,198.684886,247.640145,246.129156,337.213895,399.742466,448.394130,524.879413,615.913745,172.194302,143.184836,146.256994,141.548011,225.058428,299.665732,344.133391,439.397257,490.802059,585.971683,119.635720,61.131663,82.633390,158.405007,198.926700,297.147710,343.349805,436.091332,497.842903,588.085419,76.228059,0.000000,64.308192,130.146459,205.476368,256.879788,337.872397,456.366024,488.688358,585.338464,139.099132,115.829888,119.778974,193.649408,244.309364,330.679200,362.267824,460.652581,519.281921,569.945582,208.061466,180.649023,180.854593,233.371027,290.157313,327.309241,416.686555,470.021177,532.964356,609.451501,281.070156,272.534641,250.294104,311.368299,357.459748,421.820001,464.370935,506.227033,577.818061,644.464209,323.488792,346.250637,317.866311,353.928210,392.685633,452.130453,493.188429,556.786534,646.000774,699.138598,405.653894,409.416051,409.016660,421.574193,456.956216,524.554687,536.606112,593.628170,698.996545,746.137528,469.307724,467.661718,477.156400,533.002592,541.924706,550.797097,622.016976,684.956321,725.816331,787.439421
32,313.963637,274.612492,244.557112,273.887470,255.350811,334.824304,388.016609,434.331691,502.683579,593.175049,236.301253,200.926918,180.386033,156.814844,222.937183,283.193110,326.415748,410.391348,461.261767,554.202755,179.539862,125.023835,110.522159,148.000753,177.253630,270.178329,309.636931,399.027316,461.207527,550.744579,126.792932,64.308192,0.000000,95.319960,159.100070,214.217522,295.994916,410.320155,441.501003,538.383191,147.954464,82.202975,61.704670,129.886373,184.367478,273.971322,309.783198,406.709215,469.774997,520.657910,187.635006,142.785274,121.298672,169.591712,225.970940,266.007569,356.702780,412.627204,475.512876,553.482378,257.047709,229.082599,197.289297,248.575850,293.155895,357.882778,401.198278,444.660862,518.708722,586.132741,296.005078,299.656585,265.723502,294.660460,329.264572,387.872323,429.268528,493.519940,583.809381,637.570264,371.007172,362.658038,357.983822,361.895287,395.225446,460.902297,472.321046,529.815245,635.697382,683.232955,430.507099,423.374463,425.117390,474.184748,480.295890,487.591404,558.146185,620.652495,661.905747,724.121626
33,337.379560,286.100232,227.970662,221.794085,183.078581,248.209580,295.346089,340.554036,407.376907,497.855651,275.051608,216.164857,154.394800,108.967909,141.309018,189.640533,232.101918,315.586290,366.644606,460.331288,246.748254,173.544606,103.307997,67.544275,83.678254,174.885208,216.016184,307.329518,369.368777,459.423467,206.012114,130.146459,95.319960,0.000000,77.957573,126.816759,207.747988,326.449893,358.993887,455.479203,243.200421,170.912788,128.983316,121.664918,139.446960,211.759824,236.530873,335.497942,390.399616,440.855465,275.948227,221.588262,166.399490,181.056454,210.377814,221.744380,303.474597,349.817851,412.246355,485.897659,340.918009,294.857500,248.976716,260.460821,278.211648,330.231120,364.230965,396.819328,460.122970,524.637854,376.179485,357.003090,314.191503,321.320703,331.053810,374.346794,399.435402,455.606697,537.608436,587.737682,442.411672,417.400538,404.662227,383.829483,406.376432,455.974097,449.926770,496.804008,596.426235,640.622324,495.586510,480.613895,467.545655,496.073003,489.683664,486.368687,548.692084,597.534579,628.672830,684.329497
34,411.173978,357.547100,291.030887,262.907732,207.030567,241.309239,268.389958,307.226539,359.894914,448.011390,352.152985,290.267734,218.433103,167.758975,157.643607,165.723364,200.358617,260.865602,310.083132,399.844137,323.755521,251.456329,178.415240,109.232843,84.563122,132.141233,157.464049,241.958059,303.971728,392.789712,280.030707,205.476368,159.100070,77.957573,0.000000,56.082234,137.237880,251.869328,283.679500,380.513862,303.246439,219.131621,168.202128,107.666212,83.244705,136.259960,158.574327,257.540550,313.806218,364.487806,316.928985,254.996968,180.193837,164.627108,166.399464,155.367293,229.698708,272.715398,334.863562,407.983572,373.381968,310.011022,255.274083,232.632704,228.253932,269.142904,296.896669,323.963568,383.503326,447.317533,402.826426,360.669227,312.278136,300.497823,290.182694,320.780318,335.214201,386.382404,464.306752,513.011976,456.997086,416.092410,396.506547,355.844069,369.151536,405.807694,388.940943,429.452811,525.460085,568.137049,502.087653,479.695485,453.480401,464.312108,448.693105,438.004917,493.845495,534.205837,560.117385,612.730972
35,445.496672,389.203877,315.045785,269.828282,205.085758,214.844678,227.624800,261.842788,307.384048,394.303185,393.294343,326.505990,246.032931,194.515116,156.104334,133.291585,159.561201,206.581666,255.021709,343.936305,373.158247,298.314780,218.692811,134.178084,92.873909,89.404283,103.159742,185.879538,247.914291,336.884675,332.464865,256.879788,214.217522,126.816759,56.082234,0.000000,81.827963,199.672135,232.387422,328.714615,359.232041,275.048758,223.750711,154.058051,107.091472,115.113311,119.450408,216.254679,264.716667,314.825189,371.643673,308.800963,230.873416,204.746154,188.406743,152.696186,207.517437,238.813751,298.684055,367.087572,426.059202,358.213796,301.331998,262.232389,240.323589,266.811104,284.788795,301.258964,350.083521,410.552314,453.752717,403.640468,353.591684,332.026020,307.738904,325.442900,326.676834,369.296269,438.784609,483.957061,503.424079,456.012976,433.223562,381.303898,387.468720,411.948699,383.497997,414.681089,503.845095,543.456718,544.790912,519.104190,486.107085,485.125520,462.444118,445.325791,493.843037,523.831305,542.172843,589.417992
