node_id,0,1,2,3,4,5,6,7,8,9,10,11,12,13,14,15,16,17,18,19,20,21,22,23,24,25,26,27,28,29,30,31,32,33,34,35,36,37,38,39,40,41,42,43,44,45,46,47,48,49,50,51,52,53,54,55,56,57,58,59,60,61,62,63,64,65,66,67,68,69,70,71,72,73,74,75,76,77,78,79,80,81,82,83,84,85,86,87,88,89,90,91,92,93,94,95,96,97,98,99
0,0.000000,80.097994,166.993091,207.676876,297.081740,390.189345,456.422566,534.634877,577.860175,667.900278,75.309950,134.671787,165.295304,253.395120,303.842199,393.121475,457.552398,513.118644,634.896170,685.871655,136.310560,164.412305,234.906149,270.015673,350.058281,426.354249,515.499675,571.883511,624.959644,723.191293,218.183859,254.380287,254.744593,320.979666,407.136933,447.395239,506.877635,596.230685,663.081037,737.145427,293.760546,319.173348,333.330888,391.707042,447.308676,510.409949,593.761696,647.124485,711.545084,776.507161,381.341269,366.266703,400.797167,445.258316,513.631121,564.810543,601.397776,672.937870,738.584209,801.647479,426.012580,462.339560,464.668346,499.640417,535.067597,610.543712,650.542789,706.510175,767.698509,840.635754,530.542777,523.159470,532.843421,604.737638,626.363386,674.260767,694.188565,783.394635,813.573467,877.694934,602.203075,601.755384,625.208207,634.382451,697.387427,733.312255,764.706453,812.519888,896.293215,938.659556,649.010009,653.214226,708.189199,729.593600,771.061155,786.167278,823.692817,885.988505,963.596095,997.100478
1,80.097994,0.000000,93.695535,130.965420,220.200931,315.323365,382.652641,458.904046,501.491363,592.561996,110.743357,118.871564,128.513013,198.607159,242.892933,325.128798,386.836645,442.222229,563.623583,615.218565,165.957364,162.173522,210.253076,231.152605,296.400165,367.576445,454.434484,507.464164,560.336417,656.195650,255.665492,259.227856,243.203975,284.719586,362.667128,395.635365,453.871098,539.052648,604.398821,673.771414,321.407186,327.147832,325.799502,373.028169,413.999559,470.040456,546.662271,595.831443,657.922511,718.183021,411.143886,373.449716,398.473650,424.021928,486.493881,531.956913,560.782394,623.867771,689.879377,746.678939,454.562056,478.640946,466.612941,489.960514,514.873524,583.946507,613.769967,664.760787,724.730372,791.156868,558.231351,533.753873,536.456721,595.142092,611.761612,652.983605,664.090257,750.346284,772.452370,834.382001,628.853452,617.386113,626.683487,632.441747,687.492887,710.871449,737.055188,781.052159,860.284170,900.860294,670.950835,669.386892,715.153776,730.581672,762.697613,769.703649,800.956024,855.570685,931.842942,958.822052
2,166.993091,93.695535,0.000000,42.968321,130.783532,223.259510,289.907541,367.642389,410.911637,500.957784,162.411026,116.178066,91.603390,117.658966,153.652567,231.638825,293.188353,348.614678,470.115633,521.623962,194.905807,157.709892,166.244339,166.295488,211.768098,277.920106,362.990973,414.577494,467.321054,562.634580,278.233529,243.841673,210.390247,218.380735,284.501297,310.575543,367.219547,449.252753,513.604394,580.999812,326.525019,308.756752,289.451104,321.178205,345.158485,393.317901,463.477758,509.340016,569.696988,627.307304,413.428531,351.017342,363.745214,367.308512,421.950328,461.048108,482.628168,538.725449,604.656165,657.431974,453.474263,462.041946,433.878861,443.552341,456.702737,518.136864,538.317036,584.782696,643.445775,705.043223,552.816250,508.769283,503.442724,546.335019,557.434554,591.351562,594.015740,676.922557,692.320490,752.339381,620.557757,596.208323,589.243419,591.150615,636.864390,647.435635,668.510041,708.774981,783.741254,822.712815,656.177795,647.835886,682.324597,690.930154,712.709288,711.459683,736.407025,783.728782,858.466955,880.082723
3,207.676876,130.965420,42.968321,0.000000,89.470475,184.506457,252.165771,327.949106,370.669110,461.596666,205.229909,154.251989,122.830525,115.169785,136.081101,200.825530,258.568577,313.475468,434.220080,486.132582,235.204314,192.713891,186.247092,173.768958,198.395011,255.936586,336.954816,384.932548,437.106920,530.013367,315.973141,271.954581,233.025727,221.757897,275.917093,294.316824,348.309472,425.453462,487.941277,551.188331,359.261935,334.083021,307.702457,330.607140,343.039214,384.163467,447.584503,489.549323,547.514778,601.161099,444.230771,373.941488,381.127762,372.935022,421.707384,455.806595,471.326484,520.297765,585.839109,633.621949,482.810980,485.765146,451.130408,453.923558,460.166595,516.025367,528.876771,571.195044,628.389612,684.913944,579.904848,528.633794,519.798940,554.361419,562.248441,591.450707,588.343424,668.311078,678.120010,736.194365,646.200768,616.991159,602.791909,602.780186,643.234869,646.022827,663.520451,700.893043,772.270003,809.806533,679.179529,668.148737,697.483294,702.765113,719.016093,712.987283,733.827754,775.884662,849.245199,866.531688
4,297.081740,220.200931,130.783532,89.470475,0.000000,97.130547,165.420813,238.862722,281.291248,372.602424,289.428107,227.981145,188.645599,130.286319,111.292941,129.933945,176.903546,230.021804,348.818489,401.062518,310.788348,258.603093,225.777714,192.239646,169.435585,201.265422,269.949637,309.984666,360.480891,448.814356,383.544711,320.206331,272.964810,225.305213,249.111446,249.707209,295.518570,360.769665,418.811833,474.290181,414.290538,373.949706,334.232046,337.883115,325.690455,350.304566,398.017572,431.461737,484.084486,530.102427,493.083854,407.350560,402.654903,370.325269,405.031141,427.741241,430.470152,464.356600,528.280671,566.423921,527.637324,518.002320,470.215519,458.401629,450.021184,492.933224,490.577983,523.932108,577.533048,623.970031,618.146056,551.611171,535.376590,551.562186,552.568292,571.472608,556.624731,629.607797,628.385367,682.252231,680.331597,640.568865,610.858214,606.749935,635.480155,622.114049,632.119560,663.274734,726.957135,761.456248,706.949973,690.035529,707.731691,705.796765,710.156726,694.269266,706.492143,737.623116,807.718927,816.591251
5,390.189345,315.323365,223.259510,184.506457,97.130547,0.000000,68.295354,144.694896,188.643699,277.711051,374.127945,304.780224,262.255267,179.130642,131.901455,68.716170,84.554636,134.375940,251.788681,304.077285,385.804644,326.887021,274.298252,227.439858,160.316419,148.752694,192.380878,221.366353,269.349801,353.535877,448.108107,368.430970,316.865182,239.941550,225.876380,203.865045,234.592741,282.222266,334.185074,381.979401,464.883260,410.837397,360.099402,343.482442,305.131035,308.671083,335.529535,358.312398,404.222362,442.376555,534.699966,435.958249,419.114352,362.878864,379.862337,388.599217,376.697391,392.757125,453.753727,481.921904,563.996449,541.140558,480.980431,453.937856,429.918634,456.802854,437.665173,460.374680,509.175140,544.875888,645.237064,563.798083,540.068025,535.818048,529.288535,536.433137,509.163712,573.162496,560.442899,609.438081,701.712793,651.197722,605.320995,596.866333,612.198737,581.641122,583.399710,607.433478,662.333767,693.435782,720.878944,697.832295,702.524512,692.792129,684.222198,658.014288,660.848188,680.103526,746.119238,746.545954
6,456.422566,382.652641,289.907541,252.165771,165.420813,68.295354,0.000000,83.304059,128.157852,212.569357,436.385392,364.148843,321.086680,231.805427,178.833715,85.574051,37.275395,69.167646,183.559859,235.878792,443.174319,381.854224,321.142872,270.181009,185.857332,142.107102,150.992426,164.204221,207.989281,287.003632,499.175148,411.997613,359.639138,270.493919,232.523075,194.460488,207.804659,234.589724,278.886407,318.350387,507.812043,446.825397,390.991841,362.252604,307.605695,294.356884,301.737610,313.860049,352.520673,382.837634,571.196971,466.311718,442.253518,371.956125,375.347268,372.873881,349.224086,348.976098,406.267805,425.094471,596.821908,565.901894,498.813525,462.068843,427.504495,441.460594,409.237238,422.437970,466.362927,492.398143,671.099380,580.967039,552.588228,534.040619,522.110143,520.235894,483.709725,539.463569,517.383955,561.837254,723.193966,666.044527,609.638711,598.234609,603.613117,560.504285,555.767862,573.810374,621.078108,649.190471,737.164802,710.192329,705.795004,690.627808,672.736928,639.101363,634.689121,644.412173,706.678376,700.339825
7,534.634877,458.904046,367.642389,327.949106,238.862722,144.694896,83.304059,0.000000,44.877480,133.752802,518.019412,446.785052,403.805530,315.098361,262.054090,167.093578,103.451580,76.338065,128.403430,178.220760,526.260635,465.129917,403.927184,352.425281,264.563442,208.029146,181.501448,162.526504,188.274111,241.232009,582.302038,493.858125,441.475559,349.191428,300.366443,253.369543,249.184562,243.936501,269.266846,283.616237,589.251801,526.085103,468.491592,433.901898,369.788315,342.833082,327.637550,323.130475,346.699421,358.071009,650.163574,543.009694,515.396887,437.251128,429.934905,416.931473,380.974879,357.652581,406.405161,405.771423,674.055329,639.021577,568.211704,525.153798,482.701418,484.043252,437.688964,437.529021,472.703455,480.800970,744.325157,649.230469,617.846735,588.018800,571.293372,560.308223,513.906109,557.805251,522.158717,558.073154,793.487303,732.104514,667.986289,654.197999,650.308354,594.376084,581.849183,591.645932,626.931995,649.845549,803.852782,774.147588,762.442527,742.557104,715.718724,674.409038,661.424328,658.271046,714.236179,697.075756
8,577.860175,501.491363,410.911637,370.669110,281.291248,188.643699,128.157852,44.877480,0.000000,93.538972,562.471864,491.550842,448.596674,359.962271,306.817043,211.348196,146.082089,109.195307,112.104335,155.340158,571.124085,510.001718,448.409830,396.659480,307.511862,247.131623,208.832349,176.912573,190.553585,223.918600,626.968433,537.827644,485.459342,391.880983,338.936034,289.108140,278.057896,258.486562,272.841668,271.942871,632.964088,568.756306,510.412883,473.281716,405.410270,372.802501,347.560142,334.972424,350.009485,350.450933,692.586355,584.439078,555.213542,473.788369,461.694076,443.966778,402.688805,368.378987,411.719438,400.379530,715.594342,678.587596,606.143099,560.265855,514.359897,509.733911,457.011357,450.160718,480.329618,478.651761,783.799503,686.426336,653.671386,618.527568,599.567880,584.204072,533.281295,570.788568,528.394099,559.382308,831.438274,768.053086,700.311797,685.404236,676.974430,614.968183,598.598848,604.094411,632.834551,652.811346,839.987500,808.972528,793.658944,771.478267,740.256481,695.265363,677.988862,668.184246,720.492177,697.630525
9,667.900278,592.561996,500.957784,461.596666,372.602424,277.711051,212.569357,133.752802,93.538972,0.000000,648.839714,575.776650,532.644014,441.189343,386.650389,289.007865,220.635348,170.168989,84.009463,94.228022,653.416494,590.813796,524.299984,471.206415,377.047360,306.402969,244.107778,191.021220,177.687138,164.562404,703.685734,609.610928,557.693307,458.880150,393.308302,337.677516,310.923547,262.013154,252.094569,219.886518,702.710837,633.795323,572.865698,527.278847,449.718556,403.668210,356.448324,327.090348,323.434602,301.854233,755.724277,644.285909,609.580741,519.182458,494.427943,465.468604,413.177520,356.365495,386.527763,354.132153,774.930690,730.954488,653.847728,600.196811,545.721316,526.360522,460.296664,439.004397,457.705159,436.382988,835.129370,731.063321,694.506953,645.201492,620.831786,595.080491,534.723016,557.361931,501.696911,522.126002,877.400364,808.231671,730.814701,713.069644,693.152770,617.620261,592.869664,588.901203,603.513383,617.307590,880.221897,845.534210,820.294829,792.296094,750.494015,697.353943,670.602440,646.611249,690.707133,656.839367
10,75.309950,110.743357,162.411026,205.229909,289.428107,374.127945,436.385392,518.019412,562.471864,648.839714,0.000000,78.696218,119.675902,214.183460,268.542466,364.096040,431.521643,486.440483,607.403793,656.794496,61.872216,94.706828,172.390881,215.318098,304.820214,384.414140,474.565751,534.416180,587.176973,687.899021,148.456292,179.729251,184.694256,262.256892,352.194423,397.864364,457.533774,549.933638,617.761893,696.782891,220.713810,243.939624,260.557563,322.026366,384.072913,450.854644,538.297567,594.701668,660.753046,729.993744,309.432295,291.009763,326.443808,376.061185,446.454132,500.146925,541.147034,618.423958,683.347997,751.586232,353.840777,387.535372,389.621552,426.383192,464.826757,542.502305,587.535212,646.322505,708.023741,785.511407,458.362694,447.928690,457.620515,531.153337,553.950734,603.820422,627.376233,717.707901,752.463160,817.802786,529.832499,527.032109,550.053800,559.517262,623.687376,663.113637,696.509868,745.941356,831.831009,875.094780,575.462713,578.610441,632.890274,654.421063,696.968612,713.908697,753.375636,818.703701,896.765450,933.666041
11,134.671787,118.871564,116.178066,154.251989,227.981145,304.780224,364.148843,446.785052,491.550842,575.776650,78.696218,0.000000,43.135517,136.955249,191.839762,288.644217,356.697709,411.056049,531.313581,580.124792,82.809311,45.213257,100.323479,137.859663,226.127997,305.823723,395.979030,456.153250,508.821544,609.816257,162.130593,141.227372,125.722472,187.057340,275.307719,319.573178,379.277457,471.359492,539.138926,618.147153,213.386235,209.129229,207.843519,259.907965,312.642782,376.532788,461.900526,517.278732,582.946885,651.502561,302.053564,255.010405,279.861919,312.687727,379.603774,430.160930,467.367737,541.717864,606.970854,673.662831,343.830123,361.803744,347.763350,373.271136,403.169469,476.788018,515.939173,572.561045,633.955459,709.144924,445.806885,415.378419,417.588875,478.674302,497.318110,542.227702,559.867893,648.804892,679.389303,743.916277,515.383820,499.824707,507.957015,514.133884,571.286095,600.940235,630.884719,678.088827,761.621903,804.038133,555.199515,551.837032,596.300771,611.962836,646.081670,656.409138,691.320962,751.733004,829.187965,862.497503
12,165.295304,128.513013,91.603390,122.830525,188.645599,262.255267,321.086680,403.805530,448.596674,532.644014,119.675902,43.135517,0.000000,94.539382,149.148792,245.631231,313.615495,368.062243,488.503558,537.525801,123.790788,70.883740,82.769352,105.654688,186.804253,265.482039,355.546810,414.875654,467.705979,568.255895,195.786393,152.255689,121.780692,158.258147,242.014399,282.652219,342.288967,433.014344,500.456705,577.856676,236.559336,217.663139,203.414485,245.187384,286.996552,346.607146,428.531256,481.968255,546.747212,613.368229,322.411746,260.838876,277.581069,295.632987,358.237388,405.098487,437.682236,507.642636,573.301110,637.107223,362.036181,371.221057,347.273280,364.087518,386.463589,455.725179,488.644531,542.534063,603.397327,675.342291,461.220075,419.856338,417.224451,468.755935,483.991811,524.472414,536.628382,623.866394,649.925654,713.374469,529.098341,506.552692,505.215019,509.078068,560.722279,582.376868,609.130212,654.087515,735.087685,776.550845,565.421786,558.362891,596.488917,608.203459,636.216162,641.455427,672.491771,728.365041,805.081640,834.799694
13,253.395120,198.607159,117.658966,115.169785,130.286319,179.130642,231.805427,315.098361,359.962271,441.189343,214.183460,136.955249,94.539382,0.000000,55.034409,152.563947,220.963571,274.676164,394.463576,443.169551,212.234812,150.076826,97.631603,63.325261,97.953488,173.022733,262.564340,320.817348,373.761632,473.923719,269.096907,192.911789,143.668439,106.857401,166.954761,197.061716,255.607281,343.070567,409.713694,484.718506,288.723168,243.871783,204.898348,217.594862,229.015407,275.716227,348.358893,397.355791,460.102602,523.222249,364.269907,277.214174,275.260698,258.068355,307.082985,343.816417,365.319089,425.264420,491.277909,549.512825,397.815880,388.217558,344.148656,340.759762,344.996886,402.221164,420.683415,468.087807,527.341325,592.568625,487.887530,424.303378,411.214367,439.885529,447.113678,476.855529,476.757438,559.269747,575.748624,636.676714,550.480287,513.272180,491.244112,489.910782,528.266436,531.998379,551.479863,591.170965,666.287715,705.582605,578.457021,563.467727,586.973747,589.821972,604.008190,598.086873,620.383065,666.139233,740.808135,763.126975
14,303.842199,242.892933,153.652567,136.081101,111.292941,131.901455,178.833715,262.054090,306.817043,386.650389,268.542466,191.839762,149.148792,55.034409,0.000000,97.730406,166.178955,219.662978,339.485276,388.377107,266.978802,204.177209,143.326057,95.595858,63.252093,124.726747,212.144954,268.199708,321.266229,420.510094,320.377953,236.688199,184.980899,116.328677,143.051399,158.439992,213.824910,296.242462,361.548672,433.321599,333.134903,279.852361,232.172179,227.786352,216.439329,249.613376,311.783118,355.835452,416.094981,475.328972,403.256389,307.495445,296.422001,259.032838,296.047720,323.782850,335.575073,385.654031,451.474800,504.159736,433.636152,415.519477,362.258514,347.320840,339.611934,386.755042,393.693776,435.116278,492.484381,551.536123,518.190983,444.456650,425.960046,440.406813,442.316371,464.244250,455.268956,533.276229,542.096068,600.609539,577.450169,533.139665,499.892109,495.496367,525.016856,516.682388,530.735972,566.164472,636.305775,673.725567,600.859139,581.827910,596.900563,594.504482,599.990815,586.836014,602.929828,641.084267,713.812361,730.471918
15,393.121475,325.128798,231.638825,200.825530,129.933945,68.716170,85.574051,167.093578,211.348196,289.007865,364.096040,288.644217,245.631231,152.563947,97.730406,0.000000,68.449702,122.436793,243.405479,293.422936,364.700902,301.821541,237.160010,185.341484,101.233272,80.791655,140.048057,184.114509,236.340117,331.079626,416.095799,326.829067,274.446829,185.429962,158.564012,135.524242,170.734245,230.835754,289.661616,350.383158,422.438625,361.380303,306.228041,281.649578,237.356950,240.389134,273.125481,302.387820,354.150777,401.887415,485.778193,381.812423,359.999396,297.043927,311.325376,320.276937,311.169350,335.807099,399.055861,436.933162,511.947384,483.276677,419.105059,388.070591,361.667319,388.335558,372.107372,398.955530,450.428551,494.102117,588.210272,501.759599,475.946470,467.785023,460.678713,467.970031,442.416531,509.079321,501.549274,553.684119,642.101280,588.217780,538.618817,529.466073,543.544558,513.792222,517.082178,543.205871,601.830436,634.769008,658.628889,633.868935,635.658503,624.828388,615.506428,589.755088,593.972131,616.584311,684.318450,689.122779
16,457.552398,386.836645,293.188353,258.568577,176.903546,84.554636,37.275395,103.451580,146.082089,220.635348,431.521643,356.697709,313.615495,220.963571,166.178955,68.449702,0.000000,55.566489,177.346477,228.500615,433.140505,370.250981,304.430577,251.870389,161.435975,107.989464,115.423864,136.938944,184.947919,272.155418,483.692781,392.274381,339.966098,245.901885,199.850399,158.629112,170.563918,201.777792,250.434753,298.047734,487.077871,422.807143,365.040268,331.866665,273.103436,257.378480,265.349529,280.099936,322.005042,357.862040,546.793484,439.617138,412.866494,338.636864,339.269603,335.708430,312.196903,315.075207,373.850665,397.903412,570.630205,536.579228,467.396492,428.141078,391.613437,404.271524,372.350052,387.059626,432.349209,462.479090,641.889258,549.096771,519.493830,498.057304,485.457805,482.993893,446.637239,503.381205,483.506772,529.648201,692.359849,633.332062,574.581888,562.663271,566.765007,523.261337,518.906323,537.741121,586.751471,615.812595,704.734510,676.761196,670.431607,654.431031,635.650026,601.829157,597.732279,608.768593,671.918432,667.696336
17,513.118644,442.222229,348.614678,313.475468,230.021804,134.375940,69.167646,76.338065,109.195307,170.168989,486.440483,411.056049,368.062243,274.676164,219.662978,122.436793,55.566489,0.000000,121.783743,173.010628,486.420951,422.989582,354.534527,301.259263,206.931847,139.570932,105.565042,98.968012,139.311556,219.168574,533.878969,439.482103,387.529481,289.402523,230.457252,179.914908,172.848770,175.902104,213.052828,249.193581,532.906089,465.314162,405.418680,365.092635,296.255228,266.595760,254.107048,256.038682,288.480550,314.375225,588.228888,478.372405,447.265582,364.594630,354.175374,340.647402,306.244832,291.120058,344.812534,357.676665,609.498653,570.335960,497.130965,451.245279,406.934943,407.904014,363.967830,368.481719,407.963300,427.124155,675.430012,577.259481,544.532075,511.972906,494.963013,484.506676,439.940029,487.833916,458.423939,499.403733,722.386183,658.907317,592.527015,578.347772,574.007788,519.691957,509.198846,521.960823,562.902245,588.733887,730.824304,700.074404,686.617659,666.284314,639.694670,599.524471,588.716354,590.416491,649.494359,638.388182
18,634.896170,563.623583,470.115633,434.220080,348.818489,251.788681,183.559859,128.403430,112.104335,84.009463,607.403793,531.313581,488.503558,394.463576,339.485276,243.405479,177.346477,121.783743,0.000000,52.350807,604.994259,540.945567,469.182691,415.515361,318.595119,241.971929,168.305685,109.763920,94.273646,113.278015,647.520851,549.125242,498.243703,396.166663,322.767784,265.115394,231.888822,178.009918,172.050876,159.842393,639.537598,567.292693,505.014941,454.521398,373.004092,322.696062,272.459465,244.345089,246.568798,238.910119,686.997863,574.042837,536.317335,442.255083,413.312495,382.238175,329.185502,274.692318,309.522701,289.499631,703.596048,655.947296,577.041724,520.681006,464.019868,442.526910,376.543081,357.532630,380.015831,369.157811,759.225532,652.685946,614.912179,562.301912,537.267380,511.078776,451.257848,476.897232,425.919745,451.961754,799.102109,728.107905,648.435615,630.214693,609.195681,534.130104,510.623827,509.046035,529.284801,546.370153,799.964655,764.315309,737.152386,708.549181,666.545043,614.009977,588.846951,569.115440,616.902150,589.189712
19,685.871655,615.218565,521.623962,486.132582,401.062518,304.077285,235.878792,178.220760,155.340158,94.228022,656.794496,580.124792,537.525801,443.169551,388.377107,293.422936,228.500615,173.010628,52.350807,0.000000,652.447523,588.105058,514.660892,461.041427,363.669236,285.021677,204.221013,140.492641,105.093537,71.552675,691.897218,591.727273,541.606019,438.404895,360.357276,301.789813,261.366936,191.440861,165.896482,125.820525,680.284815,606.151971,543.207303,488.860062,403.597712,346.775798,284.031406,244.905847,232.563750,207.739925,723.760835,609.992261,569.650060,471.938910,436.060368,398.684183,339.834437,271.048860,295.288412,259.954082,738.099396,686.864839,606.067801,545.867903,484.937005,454.588683,381.116115,352.529937,366.631118,342.155320,788.739692,679.139067,639.491796,578.916572,550.837364,518.415064,453.278491,468.728266,409.270102,428.035661,825.219962,751.297777,666.484779,646.708660,618.797478,535.909620,507.200184,499.417187,510.251625,523.264078,822.694238,785.091192,752.137375,720.188878,671.949685,614.693465,583.672767,554.914750,597.227920,562.617203
20,136.310560,165.957364,194.905807,235.204314,310.788348,385.804644,443.174319,526.260635,571.124085,653.416494,61.872216,82.809311,123.790788,212.234812,266.978802,364.700902,433.140505,486.420951,604.994259,652.447523,0.000000,64.679061,144.245405,195.092377,291.202451,371.811845,461.149559,523.544790,575.355036,677.505566,89.758964,124.549339,141.589074,234.016733,325.877605,376.784430,435.555562,529.960085,598.103944,681.433049,158.984451,185.225999,209.206979,275.679334,346.475753,417.089851,508.420797,567.711887,635.004135,708.248972,248.020993,231.941414,270.636229,329.819356,402.583475,459.301236,505.578677,588.920747,652.592177,726.028785,292.285663,326.030498,331.416695,372.611405,416.181787,496.716547,548.204788,610.087033,672.062248,754.336943,396.750016,387.177783,398.496578,476.375449,501.304561,554.229955,582.879990,674.338804,714.609582,781.123950,468.145171,465.463770,491.187996,501.668674,568.490788,613.704692,649.867556,701.318585,789.647457,833.892107,513.590989,516.965297,572.502275,595.404383,640.865270,661.157569,703.568497,772.953911,851.433873,892.474408
21,164.412305,162.173522,157.709892,192.713891,258.603093,326.887021,381.854224,465.129917,510.001718,590.813796,94.706828,45.213257,70.883740,150.076826,204.177209,301.821541,370.250981,422.989582,540.945567,588.105058,64.679061,0.000000,81.216674,130.626257,226.523409,307.133505,396.512825,458.865787,510.690197,612.827067,125.063303,97.058654,90.511700,171.870050,263.407765,312.998301,372.068887,466.151842,534.290190,617.024193,169.233261,164.974957,169.502063,227.827763,290.083285,358.294737,447.756629,505.927007,572.840669,644.966938,257.348396,211.353711,239.315796,281.708750,351.756825,405.631207,448.009465,528.182093,592.487605,663.867984,298.820233,317.018638,305.946531,335.890940,370.991767,447.919876,493.342308,553.042971,614.880955,694.505850,400.615452,371.600398,375.458706,441.211104,462.039642,510.140325,532.677148,623.018289,658.733104,724.468645,470.171776,455.387494,466.591263,473.838142,533.918495,569.307425,601.986559,651.238927,737.247014,780.650067,510.182994,507.399445,553.610703,570.850495,608.109304,621.787301,659.649921,724.052757,802.080437,839.233811
22,234.906149,210.253076,166.244339,186.247092,225.777714,274.298252,321.142872,403.927184,448.409830,524.299984,172.390881,100.323479,82.769352,97.631603,143.326057,237.160010,304.430577,354.534527,469.182691,514.660892,144.245405,81.216674,0.000000,53.671153,150.998514,230.728206,318.816633,382.161581,433.239875,535.739814,179.385794,95.280207,47.744312,90.704672,182.197976,232.574236,291.318353,385.736575,453.877569,537.799837,191.258356,149.679284,123.206796,162.778404,212.649205,278.466140,366.821569,424.722062,491.627075,564.083519,267.329409,187.790070,197.515602,214.145003,279.511188,329.917049,368.806786,447.188861,511.694752,582.655890,302.263494,299.680667,267.637440,281.378951,304.971795,376.835535,416.135336,474.005225,535.662875,613.784857,395.685047,343.139918,337.255888,385.987107,401.552011,443.587819,459.581874,548.499213,580.365921,645.482055,460.728842,431.130227,423.864061,426.963214,477.971584,501.949078,530.837956,577.770986,661.496467,704.130617,492.933187,482.506220,516.270690,526.353386,553.449267,559.511817,592.253887,651.460635,728.872422,762.633917
23,270.015673,231.152605,166.295488,173.768958,192.239646,227.439858,270.181009,352.425281,396.659480,471.206415,215.318098,137.859663,105.654688,63.325261,95.595858,185.341484,251.870389,301.259263,415.515361,461.041427,195.092377,130.626257,53.671153,0.000000,97.429514,177.508786,266.239403,329.162428,380.583334,482.946468,232.661971,142.002255,89.823263,53.665143,137.509092,183.150359,242.635154,336.049423,404.138278,486.398746,238.241150,184.944705,142.023609,156.869536,182.931489,240.956132,324.194463,379.498906,445.434972,515.499880,307.820039,215.451683,211.935603,201.106891,257.169543,300.810548,332.031983,403.890297,469.227367,536.280294,339.059960,325.769965,280.902947,280.164154,290.435812,354.205394,383.269548,436.923585,497.881064,571.387421,426.486411,360.981294,348.253138,381.249567,391.215379,425.845932,433.103060,519.240326,544.280226,607.873240,488.103674,449.953803,429.413494,429.024258,471.071482,482.609309,506.479460,549.901495,629.791062,671.026417,515.306795,500.147220,524.677455,529.008477,546.928040,545.367308,572.146442,624.448603,700.700192,729.233422
24,350.058281,296.400165,211.768098,198.395011,169.435585,160.316419,185.857332,264.563442,307.511862,377.047360,304.820214,226.127997,186.804253,97.953488,63.252093,101.233272,161.435975,206.931847,318.595119,363.669236,291.202451,226.523409,150.998514,97.429514,0.000000,80.625929,170.409101,232.342445,284.275610,386.308608,328.938292,232.563576,180.730835,84.748244,80.312913,99.295898,157.659444,246.351331,313.662866,392.178732,326.262824,261.547605,205.160064,183.175582,156.371174,186.381856,251.721234,299.444184,362.232451,426.716888,385.744141,280.629449,259.586359,205.824028,235.603884,260.800067,272.940699,327.692261,393.705090,451.856627,410.974755,382.483110,320.666210,296.283523,281.291862,324.469240,330.654997,373.569015,431.777666,494.786200,487.244311,403.483422,380.300281,384.417398,383.561078,402.500227,392.052746,470.197866,480.909099,540.572460,542.096870,490.941119,448.706605,442.240242,466.620016,454.197879,467.536982,503.006701,573.983007,611.962515,560.563501,537.864453,546.033350,540.142987,541.007803,525.246473,540.014195,577.947936,650.921234,669.007550
25,426.354249,367.576445,277.920106,255.936586,201.265422,148.752694,142.107102,208.029146,247.131623,306.402969,384.414140,305.823723,265.482039,173.022733,124.726747,80.791655,107.989464,139.570932,241.971929,285.021677,371.811845,307.133505,230.728206,177.508786,80.625929,0.000000,90.155407,151.752559,203.668886,305.693764,406.910833,307.215865,256.663292,154.204896,92.371629,55.268835,94.410587,171.516573,237.127312,312.406012,397.872262,327.437308,266.562423,226.178709,165.504093,159.932318,196.757070,233.798055,292.018144,350.852172,449.462577,338.919327,308.089747,230.654737,234.790808,239.863422,231.378829,265.269735,330.378678,379.535279,469.998881,431.472395,360.254848,320.238234,286.390932,308.153243,292.174019,322.672095,376.666790,428.985555,536.711506,441.572466,411.519819,392.964353,383.200997,387.766296,361.779880,430.033923,427.357115,482.541481,585.487091,525.420253,467.575997,456.509079,465.620478,433.051037,436.597543,464.005546,525.713512,560.321620,596.898551,568.777151,563.866999,549.881268,536.665222,509.261597,513.267416,537.838929,606.890343,615.745739
26,515.499675,454.434484,362.990973,336.954816,269.949637,192.380878,150.992426,181.501448,208.832349,244.107778,474.565751,395.979030,355.546810,262.564340,212.144954,140.048057,115.423864,105.565042,168.305685,204.221013,461.149559,396.512825,318.816633,266.239403,170.409101,90.155407,0.000000,64.694083,114.426162,216.986907,492.233624,389.849252,341.034024,236.961278,156.136513,97.629456,69.381209,90.968566,150.995438,222.311449,476.634920,401.952845,338.987528,286.296308,205.674104,164.242180,151.280425,165.997580,214.230450,264.444983,519.885990,406.426188,368.014706,275.127747,254.019258,235.743486,201.404738,200.631044,261.461551,297.295043,535.502278,487.904728,409.868949,356.813578,306.419933,302.562432,260.153867,271.651023,317.560352,354.489943,591.567311,487.012127,451.050595,409.849820,390.900846,378.945009,335.652772,388.511057,368.798721,417.073565,633.314759,565.112766,492.517260,476.940896,469.105690,414.645636,406.270845,422.849766,471.619615,501.510157,637.166461,603.852780,585.134366,562.705447,534.224273,494.298394,485.561334,493.476653,556.559384,554.240265
27,571.883511,507.464164,414.577494,384.932548,309.984666,221.366353,164.204221,162.526504,176.912573,191.021220,534.416180,456.153250,414.875654,320.817348,268.199708,184.114509,136.938944,98.968012,109.763920,140.492641,523.544790,458.865787,382.161581,329.162428,232.342445,151.752559,64.694083,0.000000,53.076491,153.991991,556.592245,454.489894,405.477581,301.484677,220.346282,161.650690,122.528198,81.931231,114.707565,166.447216,541.246602,466.210485,403.090514,348.466040,264.413562,213.052583,171.512463,160.605102,189.519960,221.062956,583.291674,469.499634,429.515660,333.367093,303.750726,275.232622,227.513191,195.169801,246.293084,261.271746,597.757062,547.755579,468.026215,410.929075,354.779095,338.007912,280.336406,275.193732,310.850892,328.542275,650.470144,543.088430,505.150897,454.411536,431.114735,409.947194,356.534514,395.654034,360.833461,400.504658,689.490467,618.365646,539.800536,522.228608,505.488750,438.503353,421.813328,429.365122,465.532799,490.298739,690.241714,654.850781,629.675812,603.032694,566.115727,518.820428,501.270917,495.752110,552.544962,539.533267
28,624.959644,560.336417,467.321054,437.106920,360.480891,269.349801,207.989281,188.274111,190.553585,177.687138,587.176973,508.821544,467.705979,373.761632,321.266229,236.340117,184.947919,139.311556,94.273646,105.093537,575.355036,510.690197,433.239875,380.583334,284.275610,203.668886,114.426162,53.076491,0.000000,102.625268,606.122844,502.967754,454.844415,350.695371,266.260474,207.813868,160.535311,86.866396,82.303402,114.125056,587.715313,511.220353,447.787911,389.517636,301.804039,242.225394,180.739429,150.178766,159.657954,175.082215,625.801553,511.595403,469.030513,369.220664,331.094999,294.032103,237.196046,181.222931,221.168644,219.512387,637.939816,584.278752,502.652618,441.224131,379.843471,351.514898,282.646831,264.028291,290.138838,292.635168,685.297499,574.691842,534.655267,474.403328,447.256226,418.087322,357.078680,383.976174,337.863930,370.262326,720.600231,646.255966,561.715941,542.268195,517.174125,439.968198,416.541606,416.568888,442.281459,462.889746,717.617493,680.028068,648.195386,617.579783,573.108166,519.785035,494.970774,478.627751,529.938976,509.102484
29,723.191293,656.195650,562.634580,530.013367,448.814356,353.535877,287.003632,241.232009,223.918600,164.562404,687.899021,609.816257,568.255895,473.923719,420.510094,331.079626,272.155418,219.168574,113.278015,71.552675,677.505566,612.827067,535.739814,482.946468,386.308608,305.693764,216.986907,153.991991,102.625268,0.000000,708.683189,605.290650,557.399374,453.252172,367.937476,309.804007,259.635357,172.727663,124.473237,56.538525,689.094985,611.831482,548.328864,487.764993,397.983429,332.804552,255.339827,204.442646,176.185109,138.050924,724.397552,610.144468,565.637888,463.361434,417.622576,372.301217,307.571454,224.193402,236.548022,190.495827,734.516600,677.558565,594.491295,529.107561,462.903529,421.215346,340.137824,301.546237,307.273449,273.357182,776.375154,662.811828,620.716338,549.618403,517.911553,478.245079,407.951540,412.777375,346.690209,360.417408,807.316070,729.534001,638.214292,616.543567,580.218017,489.241254,455.416410,441.845902,445.248758,455.718702,799.801197,759.663859,719.182155,683.263486,628.072125,566.137256,529.513431,493.163848,531.461958,493.272523
30,218.183859,255.665492,278.233529,315.973141,383.544711,448.108107,499.175148,582.302038,626.968433,703.685734,148.456292,162.130593,195.786393,269.096907,320.377953,416.095799,483.692781,533.878969,647.520851,691.897218,89.758964,125.063303,179.385794,232.661971,328.938292,406.910833,492.233624,556.592245,606.122844,708.683189,0.000000,106.206511,151.284197,255.431385,343.351581,399.809560,455.083777,549.998209,617.283857,705.647624,79.991139,137.460514,185.354763,258.296815,343.187985,417.870831,513.253550,576.030502,644.141627,722.634595,163.675522,177.717211,226.959108,309.217595,384.088806,445.278164,500.462682,592.677868,653.171398,734.211743,208.447362,253.052776,275.992188,330.642108,386.333865,471.309751,535.032584,601.626920,663.162076,752.881370,312.778284,318.582063,337.571514,428.807367,459.224928,518.932181,558.575455,651.054416,701.653588,769.614332,384.507708,390.272830,429.823751,443.909788,518.272558,577.942195,619.931781,675.100208,767.510448,813.302445,432.880187,440.703621,503.869049,532.397606,587.188798,616.579347,665.814971,743.612680,822.323405,871.442167
31,254.380287,259.227856,243.841673,271.954581,320.206331,368.430970,411.997613,493.858125,537.827644,609.610928,179.729251,141.227372,152.255689,192.911789,236.688199,326.829067,392.274381,439.482103,549.125242,591.727273,124.549339,97.058654,95.280207,142.002255,232.563576,307.215865,389.849252,454.489894,502.967754,605.290650,106.206511,0.000000,52.383421,153.325355,238.327608,295.627903,349.788779,444.496487,511.540877,600.544910,96.454215,67.946116,86.127091,156.702977,237.873051,312.185010,407.291437,469.887303,537.993648,616.454705,173.491594,114.371415,146.789048,209.841739,284.204623,343.722690,396.184413,486.929698,547.980614,628.157680,210.887035,220.855211,210.624035,248.081706,293.345789,375.700804,433.483990,498.582724,560.393914,648.223755,308.977961,274.544886,279.539812,352.116429,376.769431,430.515146,462.582236,554.693639,600.430241,667.950712,376.981598,358.597423,371.382027,380.019577,444.436310,489.998938,527.692756,580.530246,670.720919,715.756395,414.712832,410.609663,457.010900,475.780763,517.362106,536.608610,579.619393,651.169464,729.825350,774.203777
32,254.744593,243.203975,210.390247,233.025727,272.964810,316.865182,359.639138,441.475559,485.459342,557.693307,184.694256,125.722472,121.780692,143.668439,184.980899,274.446829,339.966098,387.529481,498.243703,541.606019,141.589074,90.511700,47.744312,89.823263,180.730835,256.663292,341.034024,405.477581,454.844415,557.399374,151.284197,52.383421,0.000000,104.149276,193.079352,248.751069,304.842363,399.913045,467.581728,554.946541,148.420411,101.942659,82.649826,137.371850,205.077827,276.739385,369.734256,430.687531,498.550239,574.791412,220.604420,141.081388,156.186889,191.367236,262.344795,317.943544,364.352013,450.089870,512.880851,589.319465,254.744552,252.777527,225.598323,247.553056,280.480209,357.910066,406.662402,468.636545,530.621616,614.238639,347.999843,298.506365,295.588873,352.963163,372.291823,419.634001,443.181161,534.049208,573.020539,639.572726,413.351925,385.819991,384.323648,389.332471,445.594654,478.795850,511.846548,561.758299,648.885139,692.814195,446.488424,437.452740,474.855047,487.833502,520.359309,531.812054,569.138854,634.212411,712.401064,751.409856
33,320.979666,284.719586,218.380735,221.757897,225.305213,239.941550,270.493919,349.191428,391.880983,458.880150,262.256892,187.057340,158.258147,106.857401,116.328677,185.429962,245.901885,289.402523,396.166663,438.404895,234.016733,171.870050,90.704672,53.665143,84.748244,154.204896,236.961278,301.484677,350.695371,453.252172,255.431385,153.325355,104.149276,0.000000,91.869160,145.138631,202.506271,297.470942,365.466191,451.533960,243.971261,176.906523,120.930028,112.801093,129.292918,189.501225,276.228885,334.070617,401.111544,474.525023,301.014234,196.722350,180.545305,151.222639,203.886268,247.252860,280.428824,356.541402,421.195576,492.146230,326.522965,301.358474,245.932224,234.973154,238.910255,300.717779,330.423146,385.578582,446.908919,523.331045,405.295520,328.159245,310.132959,333.071405,340.609131,373.009019,379.450530,465.824378,492.595746,556.880640,462.562788,416.812594,386.600258,384.097712,421.483361,429.417097,452.824175,496.351568,576.833113,618.421508,484.697728,465.557098,483.067927,483.850548,497.258409,493.174037,518.786839,570.851425,647.210798,676.729909
34,407.136933,362.667128,284.501297,275.917093,249.111446,225.876380,232.523075,300.366443,338.936034,393.308302,352.194423,275.307719,242.014399,166.954761,143.051399,158.564012,199.850399,230.457252,322.767784,360.357276,325.877605,263.407765,182.197976,137.509092,80.312913,92.371629,156.136513,220.346282,266.260474,367.937476,343.351581,238.327608,193.079352,91.869160,0.000000,58.720062,111.793984,206.841935,274.525881,362.321865,321.474146,245.869242,182.851610,134.712283,79.487408,108.844433,186.709609,242.710654,309.434763,382.772597,364.240021,251.449539,217.016276,139.560175,156.956402,180.751625,198.517827,266.411752,331.720324,400.460387,381.699899,339.882559,267.883227,230.180768,204.968863,244.179438,253.884846,302.094748,362.222486,433.878385,444.980144,349.292832,320.065167,310.214401,306.106826,322.397924,312.645793,392.870077,409.790973,472.046528,493.125230,433.626455,380.081351,371.032402,389.292400,373.885754,388.001471,425.168261,499.338449,538.852679,504.924257,477.712097,477.095155,467.052516,462.955033,445.183812,459.878911,500.174250,574.225476,596.562076
35,447.395239,395.635365,310.575543,294.316824,249.707209,203.865045,194.460488,253.369543,289.108140,337.677516,397.864364,319.573178,282.652219,197.061716,158.439992,135.524242,158.629112,179.914908,265.115394,301.789813,376.784430,312.998301,232.574236,183.150359,99.295898,55.268835,97.629456,161.650690,207.813868,309.804007,399.809560,295.627903,248.751069,145.138631,58.720062,0.000000,59.712992,153.179711,221.324756,306.395457,380.076128,304.561845,241.459392,189.800061,116.471680,104.864997,153.343867,200.361242,264.155445,332.355166,422.296735,308.993267,271.987395,184.714161,180.907380,184.765169,180.800265,228.409024,294.417652,354.459854,438.535090,393.415783,317.941501,271.786304,233.061376,252.946095,240.902344,277.251482,334.079211,395.521914,497.923542,397.484376,364.717083,339.581804,328.519920,332.572234,308.522191,379.928760,383.856178,442.212140,542.942943,479.067935,416.201039,404.035355,410.719633,378.422377,383.712207,413.567734,479.389960,515.887168,550.948853,520.778161,511.845543,496.205834,481.490267,454.234483,459.637415,487.959460,558.698089,572.342510
